#Layer_Color=9474304
#
#Feature symbol names
#
$0 r5

#
#Feature attribute names
#

#
#Layer features
#
L 0.7969291 0.7969291 0.7969291 0.8369291 0 P 0
L 0.7969291 0.7969291 0.8369291 0.7969291 0 P 0
L 0.7969291 0.8369291 0.8369291 0.8369291 0 P 0
L 0.7969291 0.9445669 0.7969291 0.9845669 0 P 0
L 0.7969291 0.9445669 0.8369291 0.9445669 0 P 0
L 0.7969291 0.9845669 0.8369291 0.9845669 0 P 0
L 0.8067717 2.6965354 0.8067717 2.7365354 0 P 0
L 0.8067717 2.6965354 0.8467717 2.6965354 0 P 0
L 0.8067717 2.7365354 0.8467717 2.7365354 0 P 0
L 0.8067717 2.8540157 0.8067717 2.8940157 0 P 0
L 0.8067717 2.8540157 0.8467717 2.8540157 0 P 0
L 0.8067717 2.8940157 0.8467717 2.8940157 0 P 0
L 0.8362992 0.9445669 0.8362992 0.9845669 0 P 0
L 0.8362992 0.9445669 0.8762992 0.9445669 0 P 0
L 0.8362992 0.9845669 0.8762992 0.9845669 0 P 0
L 0.8369291 0.7969291 0.8369291 0.8369291 0 P 0
L 0.8369291 0.9445669 0.8369291 0.9845669 0 P 0
L 0.8461417 2.7359055 0.8461417 2.7759055 0 P 0
L 0.8461417 2.7359055 0.8861417 2.7359055 0 P 0
L 0.8461417 2.7759055 0.8861417 2.7759055 0 P 0
L 0.8467717 2.6965354 0.8467717 2.7365354 0 P 0
L 0.8467717 2.8540157 0.8467717 2.8940157 0 P 0
L 0.8756693 0.8756693 0.8756693 0.9156693 0 P 0
L 0.8756693 0.8756693 0.9156693 0.8756693 0 P 0
L 0.8756693 0.9156693 0.9156693 0.9156693 0 P 0
L 0.8756693 0.9445669 0.8756693 0.9845669 0 P 0
L 0.8756693 0.9445669 0.9156693 0.9445669 0 P 0
L 0.8756693 0.9845669 0.9156693 0.9845669 0 P 0
L 0.8762992 0.9445669 0.8762992 0.9845669 0 P 0
L 0.8861417 2.7359055 0.8861417 2.7759055 0 P 0
L 0.8933858 1.0666142 0.8933858 1.1066142 0 P 0
L 0.8933858 1.0666142 0.9333858 1.0666142 0 P 0
L 0.8933858 1.1066142 0.9333858 1.1066142 0 P 0
L 0.8973228 2.6414173 0.8973228 2.6814173 0 P 0
L 0.8973228 2.6414173 0.9373228 2.6414173 0 P 0
L 0.8973228 2.6768504 0.8973228 2.7168504 0 P 0
L 0.8973228 2.6768504 0.9373228 2.6768504 0 P 0
L 0.8973228 2.6814173 0.9373228 2.6814173 0 P 0
L 0.8973228 2.7168504 0.9373228 2.7168504 0 P 0
L 0.9051969 0.9740945 0.9051969 1.0140945 0 P 0
L 0.9051969 0.9740945 0.9451969 0.9740945 0 P 0
L 0.9051969 1.0134646 0.9051969 1.0534646 0 P 0
L 0.9051969 1.0134646 0.9451969 1.0134646 0 P 0
L 0.9051969 1.0140945 0.9451969 1.0140945 0 P 0
L 0.9051969 1.0534646 0.9451969 1.0534646 0 P 0
L 0.9051969 1.7954032 0.9051969 1.8354032 0 P 0
L 0.9051969 1.7954032 0.9451969 1.7954032 0 P 0
L 0.9051969 1.8270214 0.9051969 1.8670214 0 P 0
L 0.9051969 1.8270214 0.9451969 1.8270214 0 P 0
L 0.9051969 1.8354032 0.9451969 1.8354032 0 P 0
L 0.9051969 1.8624545 0.9051969 1.9024545 0 P 0
L 0.9051969 1.8624545 0.9451969 1.8624545 0 P 0
L 0.9051969 1.8670214 0.9451969 1.8670214 0 P 0
L 0.9051969 1.9024545 0.9451969 1.9024545 0 P 0
L 0.9156693 0.8756693 0.9156693 0.9156693 0 P 0
L 0.9156693 0.9445669 0.9156693 0.9845669 0 P 0
L 0.9248819 2.7359055 0.9248819 2.7759055 0 P 0
L 0.9248819 2.7359055 0.9648819 2.7359055 0 P 0
L 0.9248819 2.7759055 0.9648819 2.7759055 0 P 0
L 0.9333858 1.0666142 0.9333858 1.1066142 0 P 0
L 0.9373228 2.6414173 0.9373228 2.6814173 0 P 0
L 0.9373228 2.6768504 0.9373228 2.7168504 0 P 0
L 0.9445669 1.781811 0.9645669 1.741811 0 P 0
L 0.9445669 1.781811 0.9845669 1.781811 0 P 0
L 0.9451969 0.9740945 0.9451969 1.0140945 0 P 0
L 0.9451969 1.0134646 0.9451969 1.0534646 0 P 0
L 0.9451969 1.7954032 0.9451969 1.8354032 0 P 0
L 0.9451969 1.8270214 0.9451969 1.8670214 0 P 0
L 0.9451969 1.8624545 0.9451969 1.9024545 0 P 0
L 0.9544094 0.7969291 0.9544094 0.8369291 0 P 0
L 0.9544094 0.7969291 0.9944094 0.7969291 0 P 0
L 0.9544094 0.8369291 0.9944094 0.8369291 0 P 0
L 0.9558937 2.2078937 0.9758937 2.1678937 0 P 0
L 0.9558937 2.2078937 0.9958937 2.2078937 0 P 0
L 0.964252 1.8303937 0.964252 1.8703937 0 P 0
L 0.964252 1.8303937 1.004252 1.8303937 0 P 0
L 0.964252 1.8703937 1.004252 1.8703937 0 P 0
L 0.9645669 1.741811 0.9845669 1.781811 0 P 0
L 0.9648819 2.7359055 0.9648819 2.7759055 0 P 0
L 0.9758937 2.1678937 0.9958937 2.2078937 0 P 0
L 0.9944094 0.7969291 0.9944094 0.8369291 0 P 0
L 1.003622 2.8540157 1.003622 2.8940157 0 P 0
L 1.003622 2.8540157 1.043622 2.8540157 0 P 0
L 1.003622 2.8940157 1.043622 2.8940157 0 P 0
L 1.004252 1.8303937 1.004252 1.8703937 0 P 0
L 1.043622 2.8540157 1.043622 2.8940157 0 P 0
L 1.0823622 0.8461417 1.0823622 0.8861417 0 P 0
L 1.0823622 0.8461417 1.1223622 0.8461417 0 P 0
L 1.0823622 0.8861417 1.1223622 0.8861417 0 P 0
L 1.1223622 0.8461417 1.1223622 0.8861417 0 P 0
L 1.1512598 0.7969291 1.1512598 0.8369291 0 P 0
L 1.1512598 0.7969291 1.1912598 0.7969291 0 P 0
L 1.1512598 0.8369291 1.1912598 0.8369291 0 P 0
L 1.1559843 1.1408662 1.1759843 1.1008662 0 P 0
L 1.1559843 1.1408662 1.1959843 1.1408662 0 P 0
L 1.1559843 1.2038583 1.1759843 1.1638583 0 P 0
L 1.1559843 1.2038583 1.1959843 1.2038583 0 P 0
L 1.1559843 2.6999213 1.1759843 2.6599213 0 P 0
L 1.1559843 2.6999213 1.1959843 2.6999213 0 P 0
L 1.1559843 2.7629134 1.1759843 2.7229134 0 P 0
L 1.1559843 2.7629134 1.1959843 2.7629134 0 P 0
L 1.1571654 1.2955906 1.1771654 1.2555906 0 P 0
L 1.1571654 1.2955906 1.1971654 1.2955906 0 P 0
L 1.1571654 1.3585827 1.1771654 1.3185827 0 P 0
L 1.1571654 1.3585827 1.1971654 1.3585827 0 P 0
L 1.1599213 1.050315 1.1799213 1.010315 0 P 0
L 1.1599213 1.050315 1.1999213 1.050315 0 P 0
L 1.1599213 2.546378 1.1799213 2.506378 0 P 0
L 1.1599213 2.546378 1.1999213 2.546378 0 P 0
L 1.1611024 2.6184252 1.1811024 2.5784252 0 P 0
L 1.1611024 2.6184252 1.2011024 2.6184252 0 P 0
L 1.1650394 2.1223622 1.1850394 2.0823622 0 P 0
L 1.1650394 2.1223622 1.2050394 2.1223622 0 P 0
L 1.1650394 2.3074016 1.1850394 2.2674016 0 P 0
L 1.1650394 2.3074016 1.2050394 2.3074016 0 P 0
L 1.1759843 1.1008662 1.1959843 1.1408662 0 P 0
L 1.1759843 1.1638583 1.1959843 1.2038583 0 P 0
L 1.1759843 2.6599213 1.1959843 2.6999213 0 P 0
L 1.1759843 2.7229134 1.1959843 2.7629134 0 P 0
L 1.1771654 1.2555906 1.1971654 1.2955906 0 P 0
L 1.1771654 1.3185827 1.1971654 1.3585827 0 P 0
L 1.1799213 1.010315 1.1999213 1.050315 0 P 0
L 1.1799213 2.506378 1.1999213 2.546378 0 P 0
L 1.1811024 2.5784252 1.2011024 2.6184252 0 P 0
L 1.1850394 2.0823622 1.2050394 2.1223622 0 P 0
L 1.1850394 2.2674016 1.2050394 2.3074016 0 P 0
L 1.1912598 0.7969291 1.1912598 0.8369291 0 P 0
L 1.2004724 0.8953543 1.2004724 0.9353543 0 P 0
L 1.2004724 0.8953543 1.2404724 0.8953543 0 P 0
L 1.2004724 0.9353543 1.2404724 0.9353543 0 P 0
L 1.2004724 2.8540157 1.2004724 2.8940157 0 P 0
L 1.2004724 2.8540157 1.2404724 2.8540157 0 P 0
L 1.2004724 2.8940157 1.2404724 2.8940157 0 P 0
L 1.2201575 2.4904724 1.2401575 2.4504724 0 P 0
L 1.2201575 2.4904724 1.2601575 2.4904724 0 P 0
L 1.2401575 2.4504724 1.2601575 2.4904724 0 P 0
L 1.2404724 0.8953543 1.2404724 0.9353543 0 P 0
L 1.2404724 2.8540157 1.2404724 2.8940157 0 P 0
L 1.249685 1.4366929 1.249685 1.4766929 0 P 0
L 1.249685 1.4366929 1.289685 1.4366929 0 P 0
L 1.249685 1.4766929 1.289685 1.4766929 0 P 0
L 1.249685 1.9288189 1.249685 1.9688189 0 P 0
L 1.249685 1.9288189 1.289685 1.9288189 0 P 0
L 1.249685 1.9688189 1.289685 1.9688189 0 P 0
L 1.2595276 0.9740945 1.2595276 1.0140945 0 P 0
L 1.2595276 0.9740945 1.2995276 0.9740945 0 P 0
L 1.2595276 1.0140945 1.2995276 1.0140945 0 P 0
L 1.2792126 1.9196063 1.2992126 1.8796063 0 P 0
L 1.2792126 1.9196063 1.3192126 1.9196063 0 P 0
L 1.289685 1.4366929 1.289685 1.4766929 0 P 0
L 1.289685 1.9288189 1.289685 1.9688189 0 P 0
L 1.2992126 1.8796063 1.3192126 1.9196063 0 P 0
L 1.2995276 0.9740945 1.2995276 1.0140945 0 P 0
L 1.3185827 0.8264567 1.3285827 0.8464567 0 P 0
L 1.3185827 0.8264567 1.3385827 0.8364567 0 P 0
L 1.3185827 0.8664567 1.3285827 0.8464567 0 P 0
L 1.3185827 0.8664567 1.3385827 0.8564567 0 P 0
L 1.3185827 0.9347244 1.3185827 0.9747244 0 P 0
L 1.3185827 0.9347244 1.3585827 0.9347244 0 P 0
L 1.3185827 0.9747244 1.3585827 0.9747244 0 P 0
L 1.3185827 2.4111024 1.3185827 2.4511024 0 P 0
L 1.3185827 2.4111024 1.3585827 2.4111024 0 P 0
L 1.3185827 2.4511024 1.3585827 2.4511024 0 P 0
L 1.3385827 0.8364567 1.3585827 0.8264567 0 P 0
L 1.3385827 0.8564567 1.3585827 0.8664567 0 P 0
L 1.3485827 0.8464567 1.3585827 0.8264567 0 P 0
L 1.3485827 0.8464567 1.3585827 0.8664567 0 P 0
L 1.3585827 0.9347244 1.3585827 0.9747244 0 P 0
L 1.3585827 2.4111024 1.3585827 2.4511024 0 P 0
L 1.3770903 2.0273265 1.3970903 1.9873265 0 P 0
L 1.3770903 2.0273265 1.4170903 2.0273265 0 P 0
L 1.3855118 0.968189 1.3855118 1.008189 0 P 0
L 1.3855118 0.968189 1.4255118 0.968189 0 P 0
L 1.3855118 1.008189 1.4255118 1.008189 0 P 0
L 1.3874803 1.4465354 1.3874803 1.4865354 0 P 0
L 1.3874803 1.4465354 1.4274803 1.4465354 0 P 0
L 1.3874803 1.4865354 1.4274803 1.4865354 0 P 0
L 1.3874803 1.9189764 1.3874803 1.9589764 0 P 0
L 1.3874803 1.9189764 1.4274803 1.9189764 0 P 0
L 1.3874803 1.9589764 1.4274803 1.9589764 0 P 0
L 1.3970903 1.9873265 1.4170903 2.0273265 0 P 0
L 1.3973228 0.8264567 1.4073228 0.8464567 0 P 0
L 1.3973228 0.8264567 1.4173228 0.8364567 0 P 0
L 1.3973228 0.8664567 1.4073228 0.8464567 0 P 0
L 1.3973228 0.8664567 1.4173228 0.8564567 0 P 0
L 1.3973228 2.8540157 1.3973228 2.8940157 0 P 0
L 1.3973228 2.8540157 1.4373228 2.8540157 0 P 0
L 1.3973228 2.8940157 1.4373228 2.8940157 0 P 0
L 1.4022443 2.2579921 1.4222443 2.2179921 0 P 0
L 1.4022443 2.2579921 1.4422443 2.2579921 0 P 0
L 1.4071654 1.6341732 1.4271654 1.5941732 0 P 0
L 1.4071654 1.6341732 1.4471654 1.6341732 0 P 0
L 1.4170079 1.5449606 1.4170079 1.5849606 0 P 0
L 1.4170079 1.5449606 1.4570079 1.5449606 0 P 0
L 1.4170079 1.5849606 1.4570079 1.5849606 0 P 0
L 1.4170079 2.4111024 1.4170079 2.4511024 0 P 0
L 1.4170079 2.4111024 1.4570079 2.4111024 0 P 0
L 1.4170079 2.4511024 1.4570079 2.4511024 0 P 0
L 1.4170079 2.48 1.4170079 2.52 0 P 0
L 1.4170079 2.48 1.4570079 2.48 0 P 0
L 1.4170079 2.52 1.4570079 2.52 0 P 0
L 1.4173228 0.8364567 1.4373228 0.8264567 0 P 0
L 1.4173228 0.8564567 1.4373228 0.8664567 0 P 0
L 1.4222443 2.2179921 1.4422443 2.2579921 0 P 0
L 1.4255118 0.968189 1.4255118 1.008189 0 P 0
L 1.4271654 1.5941732 1.4471654 1.6341732 0 P 0
L 1.4273228 0.8464567 1.4373228 0.8264567 0 P 0
L 1.4273228 0.8464567 1.4373228 0.8664567 0 P 0
L 1.4274803 1.4465354 1.4274803 1.4865354 0 P 0
L 1.4274803 1.9189764 1.4274803 1.9589764 0 P 0
L 1.4288189 2.027874 1.4488189 1.987874 0 P 0
L 1.4288189 2.027874 1.4688189 2.027874 0 P 0
L 1.4334516 1.7074073 1.4534516 1.6674073 0 P 0
L 1.4334516 1.7074073 1.4734516 1.7074073 0 P 0
L 1.4373228 2.8540157 1.4373228 2.8940157 0 P 0
L 1.4488189 1.987874 1.4688189 2.027874 0 P 0
L 1.4524409 1.2207874 1.4724409 1.1807874 0 P 0
L 1.4524409 1.2207874 1.4924409 1.2207874 0 P 0
L 1.4534516 1.6674073 1.4734516 1.7074073 0 P 0
L 1.4570079 1.5449606 1.4570079 1.5849606 0 P 0
L 1.4570079 2.4111024 1.4570079 2.4511024 0 P 0
L 1.4570079 2.48 1.4570079 2.52 0 P 0
L 1.4724409 1.1807874 1.4924409 1.2207874 0 P 0
L 1.4859055 1.3284252 1.4859055 1.3684252 0 P 0
L 1.4859055 1.3284252 1.5259055 1.3284252 0 P 0
L 1.4859055 1.3684252 1.5259055 1.3684252 0 P 0
L 1.499685 2.3146457 1.499685 2.3546457 0 P 0
L 1.499685 2.3146457 1.539685 2.3146457 0 P 0
L 1.499685 2.3546457 1.539685 2.3546457 0 P 0
L 1.5055906 1.8008661 1.5055906 1.8408661 0 P 0
L 1.5055906 1.8008661 1.5455906 1.8008661 0 P 0
L 1.5055906 1.8408661 1.5455906 1.8408661 0 P 0
L 1.5259055 1.3284252 1.5259055 1.3684252 0 P 0
L 1.539685 2.3146457 1.539685 2.3546457 0 P 0
L 1.5449606 1.2792126 1.5449606 1.3192126 0 P 0
L 1.5449606 1.2792126 1.5849606 1.2792126 0 P 0
L 1.5449606 1.3192126 1.5849606 1.3192126 0 P 0
L 1.5449606 2.214252 1.5449606 2.254252 0 P 0
L 1.5449606 2.214252 1.5849606 2.214252 0 P 0
L 1.5449606 2.254252 1.5849606 2.254252 0 P 0
L 1.5449606 2.52 1.5649606 2.48 0 P 0
L 1.5449606 2.52 1.5849606 2.52 0 P 0
L 1.5455906 1.8008661 1.5455906 1.8408661 0 P 0
L 1.5476735 1.4849176 1.5676735 1.4449176 0 P 0
L 1.5476735 1.4849176 1.5876735 1.4849176 0 P 0
L 1.5649606 2.48 1.5849606 2.52 0 P 0
L 1.5676735 1.4449176 1.5876735 1.4849176 0 P 0
L 1.5849606 1.2792126 1.5849606 1.3192126 0 P 0
L 1.5849606 2.214252 1.5849606 2.254252 0 P 0
L 1.5941732 1.3290551 1.6141732 1.2890551 0 P 0
L 1.5941732 1.3290551 1.6341732 1.3290551 0 P 0
L 1.5941732 2.8540157 1.5941732 2.8940157 0 P 0
L 1.5941732 2.8540157 1.6341732 2.8540157 0 P 0
L 1.5941732 2.8940157 1.6341732 2.8940157 0 P 0
L 1.6040157 2.293622 1.6240157 2.253622 0 P 0
L 1.6040157 2.293622 1.6440157 2.293622 0 P 0
L 1.6141732 1.2890551 1.6341732 1.3290551 0 P 0
L 1.6237008 1.8014961 1.6437008 1.7614961 0 P 0
L 1.6237008 1.8014961 1.6637008 1.8014961 0 P 0
L 1.6240157 2.253622 1.6440157 2.293622 0 P 0
L 1.6341732 2.8540157 1.6341732 2.8940157 0 P 0
L 1.6433858 1.8211811 1.6633858 1.7811811 0 P 0
L 1.6433858 1.8211811 1.6833858 1.8211811 0 P 0
L 1.6437008 1.7614961 1.6637008 1.8014961 0 P 0
L 1.6633858 1.7811811 1.6833858 1.8211811 0 P 0
L 1.6729134 1.9786614 1.6929134 1.9386614 0 P 0
L 1.6729134 1.9786614 1.7129134 1.9786614 0 P 0
L 1.6729134 2.499685 1.6729134 2.539685 0 P 0
L 1.6729134 2.499685 1.7129134 2.499685 0 P 0
L 1.6729134 2.539685 1.7129134 2.539685 0 P 0
L 1.6729134 2.6177953 1.6729134 2.6577953 0 P 0
L 1.6729134 2.6177953 1.7129134 2.6177953 0 P 0
L 1.6729134 2.6577953 1.7129134 2.6577953 0 P 0
L 1.6929134 1.9386614 1.7129134 1.9786614 0 P 0
L 1.6966856 2.2539696 1.7166856 2.2139696 0 P 0
L 1.6966856 2.2539696 1.7366856 2.2539696 0 P 0
L 1.7004724 2.1735433 1.7204724 2.1335433 0 P 0
L 1.7004724 2.1735433 1.7404724 2.1735433 0 P 0
L 1.7122835 1.6735433 1.7322835 1.6335433 0 P 0
L 1.7122835 1.6735433 1.7522835 1.6735433 0 P 0
L 1.7122835 1.8585827 1.7322835 1.8185827 0 P 0
L 1.7122835 1.8585827 1.7522835 1.8585827 0 P 0
L 1.7122835 2.3028346 1.7122835 2.3428346 0 P 0
L 1.7122835 2.3028346 1.7522835 2.3028346 0 P 0
L 1.7122835 2.3428346 1.7522835 2.3428346 0 P 0
L 1.7129134 2.499685 1.7129134 2.539685 0 P 0
L 1.7129134 2.6177953 1.7129134 2.6577953 0 P 0
L 1.7166856 2.2139696 1.7366856 2.2539696 0 P 0
L 1.7204724 2.1335433 1.7404724 2.1735433 0 P 0
L 1.722126 1.9983465 1.742126 1.9583465 0 P 0
L 1.722126 1.9983465 1.762126 1.9983465 0 P 0
L 1.7322835 1.6335433 1.7522835 1.6735433 0 P 0
L 1.7322835 1.8185827 1.7522835 1.8585827 0 P 0
L 1.7359055 1.8782677 1.7559055 1.8382677 0 P 0
L 1.7359055 1.8782677 1.7759055 1.8782677 0 P 0
L 1.742126 1.9583465 1.762126 1.9983465 0 P 0
L 1.7516535 2.7955906 1.7716535 2.7555906 0 P 0
L 1.7516535 2.7955906 1.7916535 2.7955906 0 P 0
L 1.7522835 2.3028346 1.7522835 2.3428346 0 P 0
L 1.7559055 1.8382677 1.7759055 1.8782677 0 P 0
L 1.7713386 2.1184252 1.7913386 2.0784252 0 P 0
L 1.7713386 2.1184252 1.8113386 2.1184252 0 P 0
L 1.7716535 2.7555906 1.7916535 2.7955906 0 P 0
L 1.7792126 1.535748 1.7992126 1.495748 0 P 0
L 1.7792126 1.535748 1.8192126 1.535748 0 P 0
L 1.7910236 2.2240945 1.7910236 2.2640945 0 P 0
L 1.7910236 2.2240945 1.8310236 2.2240945 0 P 0
L 1.7910236 2.2640945 1.8310236 2.2640945 0 P 0
L 1.7910236 2.499685 1.7910236 2.539685 0 P 0
L 1.7910236 2.499685 1.8310236 2.499685 0 P 0
L 1.7910236 2.539685 1.8310236 2.539685 0 P 0
L 1.7910236 2.6177953 1.7910236 2.6577953 0 P 0
L 1.7910236 2.6177953 1.8310236 2.6177953 0 P 0
L 1.7910236 2.6577953 1.8310236 2.6577953 0 P 0
L 1.7910236 2.7359055 1.7910236 2.7759055 0 P 0
L 1.7910236 2.7359055 1.8310236 2.7359055 0 P 0
L 1.7910236 2.7759055 1.8310236 2.7759055 0 P 0
L 1.7910236 2.8540157 1.7910236 2.8940157 0 P 0
L 1.7910236 2.8540157 1.8310236 2.8540157 0 P 0
L 1.7910236 2.8940157 1.8310236 2.8940157 0 P 0
L 1.7913386 2.0784252 1.8113386 2.1184252 0 P 0
L 1.7992126 1.495748 1.8192126 1.535748 0 P 0
L 1.8107087 2.0003149 1.8307087 1.9603149 0 P 0
L 1.8107087 2.0003149 1.8507087 2.0003149 0 P 0
L 1.8303937 0.8067717 1.8303937 0.8467717 0 P 0
L 1.8303937 0.8067717 1.8703937 0.8067717 0 P 0
L 1.8303937 0.8467717 1.8703937 0.8467717 0 P 0
L 1.8307087 1.9603149 1.8507087 2.0003149 0 P 0
L 1.8310236 2.2240945 1.8310236 2.2640945 0 P 0
L 1.8310236 2.499685 1.8310236 2.539685 0 P 0
L 1.8310236 2.6177953 1.8310236 2.6577953 0 P 0
L 1.8310236 2.7359055 1.8310236 2.7759055 0 P 0
L 1.8310236 2.8540157 1.8310236 2.8940157 0 P 0
L 1.8500787 1.8900787 1.8700787 1.8500787 0 P 0
L 1.8500787 1.8900787 1.8900787 1.8900787 0 P 0
L 1.8697638 1.003622 1.8697638 1.043622 0 P 0
L 1.8697638 1.003622 1.9097638 1.003622 0 P 0
L 1.8697638 1.043622 1.9097638 1.043622 0 P 0
L 1.8697638 1.7122835 1.8697638 1.7522835 0 P 0
L 1.8697638 1.7122835 1.9097638 1.7122835 0 P 0
L 1.8697638 1.7522835 1.9097638 1.7522835 0 P 0
L 1.8700787 1.8500787 1.8900787 1.8900787 0 P 0
L 1.8703937 0.8067717 1.8703937 0.8467717 0 P 0
L 1.9091339 2.3028346 1.9091339 2.3428346 0 P 0
L 1.9091339 2.3028346 1.9491339 2.3028346 0 P 0
L 1.9091339 2.3428346 1.9491339 2.3428346 0 P 0
L 1.9091339 2.8152756 1.9291339 2.7752756 0 P 0
L 1.9091339 2.8152756 1.9491339 2.8152756 0 P 0
L 1.9097638 1.003622 1.9097638 1.043622 0 P 0
L 1.9097638 1.7122835 1.9097638 1.7522835 0 P 0
L 1.9291339 2.7752756 1.9491339 2.8152756 0 P 0
L 1.9485039 1.6335433 1.9485039 1.6735433 0 P 0
L 1.9485039 1.6335433 1.9885039 1.6335433 0 P 0
L 1.9485039 1.6735433 1.9885039 1.6735433 0 P 0
L 1.9491339 2.3028346 1.9491339 2.3428346 0 P 0
L 1.9583465 0.9937795 1.9583465 1.0337795 0 P 0
L 1.9583465 0.9937795 1.9983465 0.9937795 0 P 0
L 1.9583465 1.0337795 1.9983465 1.0337795 0 P 0
L 1.987874 1.1217323 1.987874 1.1617323 0 P 0
L 1.987874 1.1217323 2.027874 1.1217323 0 P 0
L 1.987874 1.1617323 2.027874 1.1617323 0 P 0
L 1.987874 2.2240945 1.987874 2.2640945 0 P 0
L 1.987874 2.2240945 2.027874 2.2240945 0 P 0
L 1.987874 2.2640945 2.027874 2.2640945 0 P 0
L 1.987874 2.6571654 1.987874 2.6971654 0 P 0
L 1.987874 2.6571654 2.027874 2.6571654 0 P 0
L 1.987874 2.6971654 2.027874 2.6971654 0 P 0
L 1.987874 2.8540157 1.987874 2.8940157 0 P 0
L 1.987874 2.8540157 2.027874 2.8540157 0 P 0
L 1.987874 2.8940157 2.027874 2.8940157 0 P 0
L 1.9885039 1.6335433 1.9885039 1.6735433 0 P 0
L 1.9977165 1.0429921 1.9977165 1.0829921 0 P 0
L 1.9977165 1.0429921 2.0377165 1.0429921 0 P 0
L 1.9977165 1.0829921 2.0377165 1.0829921 0 P 0
L 1.9983465 0.9937795 1.9983465 1.0337795 0 P 0
L 2.027874 1.1217323 2.027874 1.1617323 0 P 0
L 2.027874 2.2240945 2.027874 2.2640945 0 P 0
L 2.027874 2.6571654 2.027874 2.6971654 0 P 0
L 2.027874 2.8540157 2.027874 2.8940157 0 P 0
L 2.0377165 1.0429921 2.0377165 1.0829921 0 P 0
L 2.0469291 1.0429921 2.0469291 1.0829921 0 P 0
L 2.0469291 1.0429921 2.0869291 1.0429921 0 P 0
L 2.0469291 1.0829921 2.0869291 1.0829921 0 P 0
L 2.0508661 2.2247244 2.0708661 2.1847244 0 P 0
L 2.0508661 2.2247244 2.0908661 2.2247244 0 P 0
L 2.0532713 2.1483895 2.0732713 2.1083895 0 P 0
L 2.0532713 2.1483895 2.0932713 2.1483895 0 P 0
L 2.0548031 2.027874 2.0748031 1.987874 0 P 0
L 2.0548031 2.027874 2.0948031 2.027874 0 P 0
L 2.0567717 1.8388976 2.0767717 1.7988976 0 P 0
L 2.0567717 1.8388976 2.0967717 1.8388976 0 P 0
L 2.0587401 1.6735433 2.0787401 1.6335433 0 P 0
L 2.0587401 1.6735433 2.0987401 1.6735433 0 P 0
L 2.0587401 1.7424409 2.0787401 1.7024409 0 P 0
L 2.0587401 1.7424409 2.0987401 1.7424409 0 P 0
L 2.0655073 2.0003149 2.0855073 1.9603149 0 P 0
L 2.0655073 2.0003149 2.1055073 2.0003149 0 P 0
L 2.0666142 2.3028346 2.0666142 2.3428346 0 P 0
L 2.0666142 2.3028346 2.1066142 2.3028346 0 P 0
L 2.0666142 2.3428346 2.1066142 2.3428346 0 P 0
L 2.0708661 2.1847244 2.0908661 2.2247244 0 P 0
L 2.0732713 2.1083895 2.0932713 2.1483895 0 P 0
L 2.0748031 1.987874 2.0948031 2.027874 0 P 0
L 2.0767717 1.7988976 2.0967717 1.8388976 0 P 0
L 2.0787401 1.6335433 2.0987401 1.6735433 0 P 0
L 2.0787401 1.7024409 2.0987401 1.7424409 0 P 0
L 2.0855073 1.9603149 2.1055073 2.0003149 0 P 0
L 2.0862992 0.9937795 2.0862992 1.0337795 0 P 0
L 2.0862992 0.9937795 2.1262992 0.9937795 0 P 0
L 2.0862992 1.0337795 2.1262992 1.0337795 0 P 0
L 2.0862992 2.7262205 2.0962992 2.7262205 0 P 0
L 2.0862992 2.7262205 2.0962992 2.7362205 0 P 0
L 2.0862992 2.7462205 2.0962992 2.7362205 0 P 0
L 2.0862992 2.7462205 2.0962992 2.7462205 0 P 0
L 2.0862992 2.8049607 2.0962992 2.8049607 0 P 0
L 2.0862992 2.8049607 2.0962992 2.8149607 0 P 0
L 2.0862992 2.8249607 2.0962992 2.8149607 0 P 0
L 2.0862992 2.8249607 2.0962992 2.8249607 0 P 0
L 2.0869291 1.0429921 2.0869291 1.0829921 0 P 0
L 2.0962992 2.7262205 2.1062992 2.7162205 0 P 0
L 2.0962992 2.7462205 2.1062992 2.7562205 0 P 0
L 2.0962992 2.8049607 2.1062992 2.7949607 0 P 0
L 2.0962992 2.8249607 2.1062992 2.8349607 0 P 0
L 2.1059843 1.2004724 2.1059843 1.2404724 0 P 0
L 2.1059843 1.2004724 2.1459843 1.2004724 0 P 0
L 2.1059843 1.2404724 2.1459843 1.2404724 0 P 0
L 2.1062992 2.7162205 2.1162992 2.7262205 0 P 0
L 2.1062992 2.7562205 2.1162992 2.7462205 0 P 0
L 2.1062992 2.7949607 2.1162992 2.8049607 0 P 0
L 2.1062992 2.8349607 2.1162992 2.8249607 0 P 0
L 2.1066142 2.3028346 2.1066142 2.3428346 0 P 0
L 2.1162992 2.7262205 2.1262992 2.7262205 0 P 0
L 2.1162992 2.7362205 2.1262992 2.7262205 0 P 0
L 2.1162992 2.7362205 2.1262992 2.7462205 0 P 0
L 2.1162992 2.7462205 2.1262992 2.7462205 0 P 0
L 2.1162992 2.8049607 2.1262992 2.8049607 0 P 0
L 2.1162992 2.8149607 2.1262992 2.8049607 0 P 0
L 2.1162992 2.8149607 2.1262992 2.8249607 0 P 0
L 2.1162992 2.8249607 2.1262992 2.8249607 0 P 0
L 2.1262992 0.9937795 2.1262992 1.0337795 0 P 0
L 2.1453543 0.8067717 2.1453543 0.8467717 0 P 0
L 2.1453543 0.8067717 2.1853543 0.8067717 0 P 0
L 2.1453543 0.8467717 2.1853543 0.8467717 0 P 0
L 2.1453543 2.5390551 2.1453543 2.5790551 0 P 0
L 2.1453543 2.5390551 2.1853543 2.5390551 0 P 0
L 2.1453543 2.5784252 2.1453543 2.6184252 0 P 0
L 2.1453543 2.5784252 2.1853543 2.5784252 0 P 0
L 2.1453543 2.5790551 2.1853543 2.5790551 0 P 0
L 2.1453543 2.6184252 2.1853543 2.6184252 0 P 0
L 2.1459843 1.2004724 2.1459843 1.2404724 0 P 0
L 2.1551969 2.2640945 2.1751969 2.2240945 0 P 0
L 2.1551969 2.2640945 2.1951969 2.2640945 0 P 0
L 2.1650394 2.7262205 2.1750394 2.7262205 0 P 0
L 2.1650394 2.7262205 2.1750394 2.7362205 0 P 0
L 2.1650394 2.7462205 2.1750394 2.7362205 0 P 0
L 2.1650394 2.7462205 2.1750394 2.7462205 0 P 0
L 2.1650394 2.8049607 2.1750394 2.8049607 0 P 0
L 2.1650394 2.8049607 2.1750394 2.8149607 0 P 0
L 2.1650394 2.8249607 2.1750394 2.8149607 0 P 0
L 2.1650394 2.8249607 2.1750394 2.8249607 0 P 0
L 2.1750394 2.7262205 2.1850394 2.7162205 0 P 0
L 2.1750394 2.7462205 2.1850394 2.7562205 0 P 0
L 2.1750394 2.8049607 2.1850394 2.7949607 0 P 0
L 2.1750394 2.8249607 2.1850394 2.8349607 0 P 0
L 2.1751969 2.2240945 2.1951969 2.2640945 0 P 0
L 2.1843248 1.7089764 2.2043248 1.6689764 0 P 0
L 2.1843248 1.7089764 2.2243248 1.7089764 0 P 0
L 2.1850394 2.7162205 2.1950394 2.7262205 0 P 0
L 2.1850394 2.7562205 2.1950394 2.7462205 0 P 0
L 2.1850394 2.7949607 2.1950394 2.8049607 0 P 0
L 2.1850394 2.8349607 2.1950394 2.8249607 0 P 0
L 2.1853543 0.8067717 2.1853543 0.8467717 0 P 0
L 2.1853543 2.5390551 2.1853543 2.5790551 0 P 0
L 2.1853543 2.5784252 2.1853543 2.6184252 0 P 0
L 2.1925984 1.7444094 2.2125984 1.7044094 0 P 0
L 2.1925984 1.7444094 2.2325984 1.7444094 0 P 0
L 2.1945669 2.008189 2.2145669 1.968189 0 P 0
L 2.1945669 2.008189 2.2345669 2.008189 0 P 0
L 2.1945669 2.1381102 2.2145669 2.0981102 0 P 0
L 2.1945669 2.1381102 2.2345669 2.1381102 0 P 0
L 2.1950394 2.7262205 2.2050394 2.7262205 0 P 0
L 2.1950394 2.7362205 2.2050394 2.7262205 0 P 0
L 2.1950394 2.7362205 2.2050394 2.7462205 0 P 0
L 2.1950394 2.7462205 2.2050394 2.7462205 0 P 0
L 2.1950394 2.8049607 2.2050394 2.8049607 0 P 0
L 2.1950394 2.8149607 2.2050394 2.8049607 0 P 0
L 2.1950394 2.8149607 2.2050394 2.8249607 0 P 0
L 2.1950394 2.8249607 2.2050394 2.8249607 0 P 0
L 2.2043248 1.6689764 2.2243248 1.7089764 0 P 0
L 2.2044094 1.6637008 2.2244094 1.6237008 0 P 0
L 2.2044094 1.6637008 2.2444094 1.6637008 0 P 0
L 2.2044094 1.8270866 2.2244094 1.7870866 0 P 0
L 2.2044094 1.8270866 2.2444094 1.8270866 0 P 0
L 2.2083465 1.3872652 2.2283465 1.3472652 0 P 0
L 2.2083465 1.3872652 2.2483465 1.3872652 0 P 0
L 2.2125984 1.7044094 2.2325984 1.7444094 0 P 0
L 2.2145669 1.968189 2.2345669 2.008189 0 P 0
L 2.2145669 2.0981102 2.2345669 2.1381102 0 P 0
L 2.2240945 1.2004724 2.2240945 1.2404724 0 P 0
L 2.2240945 1.2004724 2.2640945 1.2004724 0 P 0
L 2.2240945 1.2404724 2.2640945 1.2404724 0 P 0
L 2.2240945 2.1420473 2.2440945 2.1020473 0 P 0
L 2.2240945 2.1420473 2.2640945 2.1420473 0 P 0
L 2.2240945 2.8540157 2.2240945 2.8940157 0 P 0
L 2.2240945 2.8540157 2.2640945 2.8540157 0 P 0
L 2.2240945 2.8940157 2.2640945 2.8940157 0 P 0
L 2.2244094 1.6237008 2.2444094 1.6637008 0 P 0
L 2.2244094 1.7870866 2.2444094 1.8270866 0 P 0
L 2.2283465 1.3472652 2.2483465 1.3872652 0 P 0
L 2.2319685 1.2995276 2.2519685 1.2595276 0 P 0
L 2.2319685 1.2995276 2.2719685 1.2995276 0 P 0
L 2.2319685 1.6853543 2.2519685 1.6453543 0 P 0
L 2.2319685 1.6853543 2.2719685 1.6853543 0 P 0
L 2.233937 2.008189 2.253937 1.968189 0 P 0
L 2.233937 2.008189 2.273937 2.008189 0 P 0
L 2.2398425 1.3270866 2.2598425 1.2870866 0 P 0
L 2.2398425 1.3270866 2.2798425 1.3270866 0 P 0
L 2.2398425 1.3861417 2.2598425 1.3461417 0 P 0
L 2.2398425 1.3861417 2.2798425 1.3861417 0 P 0
L 2.2437795 1.8270867 2.2637795 1.7870867 0 P 0
L 2.2437795 1.8270867 2.2837795 1.8270867 0 P 0
L 2.2437795 2.7262205 2.2537795 2.7262205 0 P 0
L 2.2437795 2.7262205 2.2537795 2.7362205 0 P 0
L 2.2437795 2.7462205 2.2537795 2.7362205 0 P 0
L 2.2437795 2.7462205 2.2537795 2.7462205 0 P 0
L 2.2437795 2.8049607 2.2537795 2.8049607 0 P 0
L 2.2437795 2.8049607 2.2537795 2.8149607 0 P 0
L 2.2437795 2.8249607 2.2537795 2.8149607 0 P 0
L 2.2437795 2.8249607 2.2537795 2.8249607 0 P 0
L 2.2440945 2.1020473 2.2640945 2.1420473 0 P 0
L 2.2477165 1.3585827 2.2677165 1.3185827 0 P 0
L 2.2477165 1.3585827 2.2877165 1.3585827 0 P 0
L 2.2519685 1.2595276 2.2719685 1.2995276 0 P 0
L 2.2519685 1.6453543 2.2719685 1.6853543 0 P 0
L 2.253622 1.8743307 2.273622 1.8343307 0 P 0
L 2.253622 1.8743307 2.293622 1.8743307 0 P 0
L 2.2537795 2.7262205 2.2637795 2.7162205 0 P 0
L 2.2537795 2.7462205 2.2637795 2.7562205 0 P 0
L 2.2537795 2.8049607 2.2637795 2.7949607 0 P 0
L 2.2537795 2.8249607 2.2637795 2.8349607 0 P 0
L 2.253937 1.968189 2.273937 2.008189 0 P 0
L 2.2598425 1.2870866 2.2798425 1.3270866 0 P 0
L 2.2598425 1.3461417 2.2798425 1.3861417 0 P 0
L 2.2634646 2.6538583 2.2834646 2.6138583 0 P 0
L 2.2634646 2.6538583 2.3034646 2.6538583 0 P 0
L 2.2637795 1.7870867 2.2837795 1.8270867 0 P 0
L 2.2637795 2.7162205 2.2737795 2.7262205 0 P 0
L 2.2637795 2.7562205 2.2737795 2.7462205 0 P 0
L 2.2637795 2.7949607 2.2737795 2.8049607 0 P 0
L 2.2637795 2.8349607 2.2737795 2.8249607 0 P 0
L 2.2640945 1.2004724 2.2640945 1.2404724 0 P 0
L 2.2640945 2.8540157 2.2640945 2.8940157 0 P 0
L 2.2677165 1.3185827 2.2877165 1.3585827 0 P 0
L 2.273622 1.8343307 2.293622 1.8743307 0 P 0
L 2.2737795 2.7262205 2.2837795 2.7262205 0 P 0
L 2.2737795 2.7362205 2.2837795 2.7262205 0 P 0
L 2.2737795 2.7362205 2.2837795 2.7462205 0 P 0
L 2.2737795 2.7462205 2.2837795 2.7462205 0 P 0
L 2.2737795 2.8049607 2.2837795 2.8049607 0 P 0
L 2.2737795 2.8149607 2.2837795 2.8049607 0 P 0
L 2.2737795 2.8149607 2.2837795 2.8249607 0 P 0
L 2.2737795 2.8249607 2.2837795 2.8249607 0 P 0
L 2.2774419 1.2544498 2.2974419 1.2144498 0 P 0
L 2.2774419 1.2544498 2.3174419 1.2544498 0 P 0
L 2.2792126 1.2916535 2.2992126 1.2516535 0 P 0
L 2.2792126 1.2916535 2.3192126 1.2916535 0 P 0
L 2.2834646 2.6138583 2.3034646 2.6538583 0 P 0
L 2.2886184 2.604209 2.3086184 2.564209 0 P 0
L 2.2886184 2.604209 2.3286184 2.604209 0 P 0
L 2.2929921 0.8461417 2.2929921 0.8861417 0 P 0
L 2.2929921 0.8461417 2.3329921 0.8461417 0 P 0
L 2.2929921 0.8861417 2.3329921 0.8861417 0 P 0
L 2.2974419 1.2144498 2.3174419 1.2544498 0 P 0
L 2.2992126 1.2516535 2.3192126 1.2916535 0 P 0
L 2.3086184 2.564209 2.3286184 2.604209 0 P 0
L 2.3107087 2.2404724 2.3307087 2.2004724 0 P 0
L 2.3107087 2.2404724 2.3507087 2.2404724 0 P 0
L 2.3185827 2.500315 2.3385827 2.460315 0 P 0
L 2.3185827 2.500315 2.3585827 2.500315 0 P 0
L 2.3225197 2.7262205 2.3325197 2.7262205 0 P 0
L 2.3225197 2.7262205 2.3325197 2.7362205 0 P 0
L 2.3225197 2.7462205 2.3325197 2.7362205 0 P 0
L 2.3225197 2.7462205 2.3325197 2.7462205 0 P 0
L 2.3225197 2.8049607 2.3325197 2.8049607 0 P 0
L 2.3225197 2.8049607 2.3325197 2.8149607 0 P 0
L 2.3225197 2.8249607 2.3325197 2.8149607 0 P 0
L 2.3225197 2.8249607 2.3325197 2.8249607 0 P 0
L 2.3307087 2.2004724 2.3507087 2.2404724 0 P 0
L 2.3325197 2.7262205 2.3425197 2.7162205 0 P 0
L 2.3325197 2.7462205 2.3425197 2.7562205 0 P 0
L 2.3325197 2.8049607 2.3425197 2.7949607 0 P 0
L 2.3325197 2.8249607 2.3425197 2.8349607 0 P 0
L 2.3329921 0.8461417 2.3329921 0.8861417 0 P 0
L 2.3385827 2.460315 2.3585827 2.500315 0 P 0
L 2.3422047 2.4314173 2.3622047 2.3914173 0 P 0
L 2.3422047 2.4314173 2.3822047 2.4314173 0 P 0
L 2.3422048 2.3270868 2.3622048 2.2870868 0 P 0
L 2.3422048 2.3270868 2.3822048 2.3270868 0 P 0
L 2.3422048 2.3546458 2.3622048 2.3146458 0 P 0
L 2.3422048 2.3546458 2.3822048 2.3546458 0 P 0
L 2.3422048 2.3822048 2.3622048 2.3422048 0 P 0
L 2.3422048 2.3822048 2.3822048 2.3822048 0 P 0
L 2.3425197 2.7162205 2.3525197 2.7262205 0 P 0
L 2.3425197 2.7562205 2.3525197 2.7462205 0 P 0
L 2.3425197 2.7949607 2.3525197 2.8049607 0 P 0
L 2.3425197 2.8349607 2.3525197 2.8249607 0 P 0
L 2.3525197 2.7262205 2.3625197 2.7262205 0 P 0
L 2.3525197 2.7362205 2.3625197 2.7262205 0 P 0
L 2.3525197 2.7362205 2.3625197 2.7462205 0 P 0
L 2.3525197 2.7462205 2.3625197 2.7462205 0 P 0
L 2.3525197 2.8049607 2.3625197 2.8049607 0 P 0
L 2.3525197 2.8149607 2.3625197 2.8049607 0 P 0
L 2.3525197 2.8149607 2.3625197 2.8249607 0 P 0
L 2.3525197 2.8249607 2.3625197 2.8249607 0 P 0
L 2.3579527 1.8154797 2.3779527 1.7754797 0 P 0
L 2.3579527 1.8154797 2.3979527 1.8154797 0 P 0
L 2.3579527 1.8605512 2.3779527 1.8205512 0 P 0
L 2.3579527 1.8605512 2.3979527 1.8605512 0 P 0
L 2.3579527 1.9196063 2.3779527 1.8796063 0 P 0
L 2.3579527 1.9196063 2.3979527 1.9196063 0 P 0
L 2.3579527 1.9983465 2.3779527 1.9583465 0 P 0
L 2.3579527 1.9983465 2.3979527 1.9983465 0 P 0
L 2.3579527 2.1361417 2.3779527 2.0961417 0 P 0
L 2.3579527 2.1361417 2.3979527 2.1361417 0 P 0
L 2.359 1.773 2.379 1.733 0 P 0
L 2.359 1.773 2.399 1.773 0 P 0
L 2.3618898 2.6499213 2.3818898 2.6099213 0 P 0
L 2.3618898 2.6499213 2.4018898 2.6499213 0 P 0
L 2.3622047 2.3914173 2.3822047 2.4314173 0 P 0
L 2.3622048 2.2870868 2.3822048 2.3270868 0 P 0
L 2.3622048 2.3146458 2.3822048 2.3546458 0 P 0
L 2.3622048 2.3422048 2.3822048 2.3822048 0 P 0
L 2.3658268 1.3074016 2.3858268 1.2674016 0 P 0
L 2.3658268 1.3074016 2.4058268 1.3074016 0 P 0
L 2.3658268 1.4451969 2.3858268 1.4051969 0 P 0
L 2.3658268 1.4451969 2.4058268 1.4451969 0 P 0
L 2.3677953 1.4115813 2.3877953 1.3715813 0 P 0
L 2.3677953 1.4115813 2.4077953 1.4115813 0 P 0
L 2.3779527 1.7754797 2.3979527 1.8154797 0 P 0
L 2.3779527 1.8205512 2.3979527 1.8605512 0 P 0
L 2.3779527 1.8796063 2.3979527 1.9196063 0 P 0
L 2.3779527 1.9583465 2.3979527 1.9983465 0 P 0
L 2.3779527 2.0961417 2.3979527 2.1361417 0 P 0
L 2.379 1.733 2.399 1.773 0 P 0
L 2.3815748 1.7601575 2.4015748 1.7201575 0 P 0
L 2.3815748 1.7601575 2.4215748 1.7601575 0 P 0
L 2.3818898 2.6099213 2.4018898 2.6499213 0 P 0
L 2.3858268 1.2674016 2.4058268 1.3074016 0 P 0
L 2.3858268 1.4051969 2.4058268 1.4451969 0 P 0
L 2.3877953 1.3715813 2.4077953 1.4115813 0 P 0
L 2.3894488 2.3822047 2.4094488 2.3422047 0 P 0
L 2.3894488 2.3822047 2.4294488 2.3822047 0 P 0
L 2.3914173 0.8067717 2.3914173 0.8467717 0 P 0
L 2.3914173 0.8067717 2.4314173 0.8067717 0 P 0
L 2.3914173 0.8467717 2.4314173 0.8467717 0 P 0
L 2.3914173 0.8658268 2.3914173 0.9058268 0 P 0
L 2.3914173 0.8658268 2.4314173 0.8658268 0 P 0
L 2.3914173 0.9058268 2.4314173 0.9058268 0 P 0
L 2.4012598 1.2089764 2.4212598 1.1689764 0 P 0
L 2.4012598 1.2089764 2.4412598 1.2089764 0 P 0
L 2.4012598 2.7262205 2.4112598 2.7262205 0 P 0
L 2.4012598 2.7262205 2.4112598 2.7362205 0 P 0
L 2.4012598 2.7462205 2.4112598 2.7362205 0 P 0
L 2.4012598 2.7462205 2.4112598 2.7462205 0 P 0
L 2.4012598 2.8049607 2.4112598 2.8049607 0 P 0
L 2.4012598 2.8049607 2.4112598 2.8149607 0 P 0
L 2.4012598 2.8249607 2.4112598 2.8149607 0 P 0
L 2.4012598 2.8249607 2.4112598 2.8249607 0 P 0
L 2.4015748 1.7201575 2.4215748 1.7601575 0 P 0
L 2.4051969 1.3743307 2.4251969 1.3343307 0 P 0
L 2.4051969 1.3743307 2.4451969 1.3743307 0 P 0
L 2.4094488 2.3422047 2.4294488 2.3822047 0 P 0
L 2.4112598 2.7262205 2.4212598 2.7162205 0 P 0
L 2.4112598 2.7462205 2.4212598 2.7562205 0 P 0
L 2.4112598 2.8049607 2.4212598 2.7949607 0 P 0
L 2.4112598 2.8249607 2.4212598 2.8349607 0 P 0
L 2.4170079 1.4944095 2.4370079 1.4544095 0 P 0
L 2.4170079 1.4944095 2.4570079 1.4944095 0 P 0
L 2.4209449 1.7516535 2.4209449 1.7916535 0 P 0
L 2.4209449 1.7516535 2.4609449 1.7516535 0 P 0
L 2.4209449 1.7916535 2.4609449 1.7916535 0 P 0
L 2.4209449 1.8303937 2.4209449 1.8703937 0 P 0
L 2.4209449 1.8303937 2.4609449 1.8303937 0 P 0
L 2.4209449 1.8703937 2.4609449 1.8703937 0 P 0
L 2.4209449 1.9485039 2.4209449 1.9885039 0 P 0
L 2.4209449 1.9485039 2.4609449 1.9485039 0 P 0
L 2.4209449 1.9885039 2.4609449 1.9885039 0 P 0
L 2.4212598 1.1689764 2.4412598 1.2089764 0 P 0
L 2.4212598 2.7162205 2.4312598 2.7262205 0 P 0
L 2.4212598 2.7562205 2.4312598 2.7462205 0 P 0
L 2.4212598 2.7949607 2.4312598 2.8049607 0 P 0
L 2.4212598 2.8349607 2.4312598 2.8249607 0 P 0
L 2.4251969 1.3343307 2.4451969 1.3743307 0 P 0
L 2.4312598 2.7262205 2.4412598 2.7262205 0 P 0
L 2.4312598 2.7362205 2.4412598 2.7262205 0 P 0
L 2.4312598 2.7362205 2.4412598 2.7462205 0 P 0
L 2.4312598 2.7462205 2.4412598 2.7462205 0 P 0
L 2.4312598 2.8049607 2.4412598 2.8049607 0 P 0
L 2.4312598 2.8149607 2.4412598 2.8049607 0 P 0
L 2.4312598 2.8149607 2.4412598 2.8249607 0 P 0
L 2.4312598 2.8249607 2.4412598 2.8249607 0 P 0
L 2.4314173 0.8067717 2.4314173 0.8467717 0 P 0
L 2.4314173 0.8658268 2.4314173 0.9058268 0 P 0
L 2.4327559 2.4885039 2.4527559 2.4485039 0 P 0
L 2.4327559 2.4885039 2.4727559 2.4885039 0 P 0
L 2.4370079 1.4544095 2.4570079 1.4944095 0 P 0
L 2.4390672 2.6028319 2.4590672 2.5628319 0 P 0
L 2.4390672 2.6028319 2.4790672 2.6028319 0 P 0
L 2.4406299 2.0770866 2.4606299 2.0370866 0 P 0
L 2.4406299 2.0770866 2.4806299 2.0770866 0 P 0
L 2.4485039 2.2168504 2.4685039 2.1768504 0 P 0
L 2.4485039 2.2168504 2.4885039 2.2168504 0 P 0
L 2.4504724 1.0233071 2.4604724 1.0433071 0 P 0
L 2.4504724 1.0233071 2.4704724 1.0333071 0 P 0
L 2.4504724 1.0633071 2.4604724 1.0433071 0 P 0
L 2.4504724 1.0633071 2.4704724 1.0533071 0 P 0
L 2.4527559 2.4485039 2.4727559 2.4885039 0 P 0
L 2.4590672 2.5628319 2.4790672 2.6028319 0 P 0
L 2.460315 2.0475591 2.480315 2.0075591 0 P 0
L 2.460315 2.0475591 2.500315 2.0475591 0 P 0
L 2.460315 2.8540157 2.460315 2.8940157 0 P 0
L 2.460315 2.8540157 2.500315 2.8540157 0 P 0
L 2.460315 2.8940157 2.500315 2.8940157 0 P 0
L 2.4606299 2.0370866 2.4806299 2.0770866 0 P 0
L 2.4609449 1.7516535 2.4609449 1.7916535 0 P 0
L 2.4609449 1.8303937 2.4609449 1.8703937 0 P 0
L 2.4609449 1.9485039 2.4609449 1.9885039 0 P 0
L 2.4685039 2.1768504 2.4885039 2.2168504 0 P 0
L 2.4704724 1.0333071 2.4904724 1.0233071 0 P 0
L 2.4704724 1.0533071 2.4904724 1.0633071 0 P 0
L 2.48 1.2089764 2.5 1.1689764 0 P 0
L 2.48 1.2089764 2.52 1.2089764 0 P 0
L 2.48 2.2168504 2.5 2.1768504 0 P 0
L 2.48 2.2168504 2.52 2.2168504 0 P 0
L 2.480315 2.0075591 2.500315 2.0475591 0 P 0
L 2.4804724 1.0433071 2.4904724 1.0233071 0 P 0
L 2.4804724 1.0433071 2.4904724 1.0633071 0 P 0
L 2.4898425 1.3860298 2.5098425 1.3460298 0 P 0
L 2.4898425 1.3860298 2.5298425 1.3860298 0 P 0
L 2.499685 0.8264567 2.499685 0.8664567 0 P 0
L 2.499685 0.8264567 2.539685 0.8264567 0 P 0
L 2.499685 0.8664567 2.539685 0.8664567 0 P 0
L 2.499685 0.8756693 2.499685 0.9156693 0 P 0
L 2.499685 0.8756693 2.539685 0.8756693 0 P 0
L 2.499685 0.9156693 2.539685 0.9156693 0 P 0
L 2.499685 1.500315 2.519685 1.460315 0 P 0
L 2.499685 1.500315 2.539685 1.500315 0 P 0
L 2.499685 1.7910236 2.499685 1.8310236 0 P 0
L 2.499685 1.7910236 2.539685 1.7910236 0 P 0
L 2.499685 1.8310236 2.539685 1.8310236 0 P 0
L 2.499685 1.9091339 2.499685 1.9491339 0 P 0
L 2.499685 1.9091339 2.539685 1.9091339 0 P 0
L 2.499685 1.9491339 2.539685 1.9491339 0 P 0
L 2.5 1.1689764 2.52 1.2089764 0 P 0
L 2.5 2.1768504 2.52 2.2168504 0 P 0
L 2.500315 2.8540157 2.500315 2.8940157 0 P 0
L 2.5095276 2.4314173 2.5295276 2.3914173 0 P 0
L 2.5095276 2.4314173 2.5495276 2.4314173 0 P 0
L 2.5095276 2.4904724 2.5295276 2.4504724 0 P 0
L 2.5095276 2.4904724 2.5495276 2.4904724 0 P 0
L 2.5098425 1.3460298 2.5298425 1.3860298 0 P 0
L 2.5114961 2.2247244 2.5314961 2.1847244 0 P 0
L 2.5114961 2.2247244 2.5514961 2.2247244 0 P 0
L 2.5154331 1.4018898 2.5354331 1.3618898 0 P 0
L 2.5154331 1.4018898 2.5554331 1.4018898 0 P 0
L 2.519685 1.460315 2.539685 1.500315 0 P 0
L 2.5295276 2.3914173 2.5495276 2.4314173 0 P 0
L 2.5295276 2.4504724 2.5495276 2.4904724 0 P 0
L 2.5311811 1.3428346 2.5511811 1.3028346 0 P 0
L 2.5311811 1.3428346 2.5711811 1.3428346 0 P 0
L 2.5314961 2.1847244 2.5514961 2.2247244 0 P 0
L 2.5354331 1.3618898 2.5554331 1.4018898 0 P 0
L 2.5390551 1.3074016 2.5590551 1.2674016 0 P 0
L 2.5390551 1.3074016 2.5790551 1.3074016 0 P 0
L 2.5390551 2.4018898 2.5590551 2.3618898 0 P 0
L 2.5390551 2.4018898 2.5790551 2.4018898 0 P 0
L 2.539685 0.8264567 2.539685 0.8664567 0 P 0
L 2.539685 0.8756693 2.539685 0.9156693 0 P 0
L 2.539685 1.7910236 2.539685 1.8310236 0 P 0
L 2.539685 1.9091339 2.539685 1.9491339 0 P 0
L 2.5511811 1.3028346 2.5711811 1.3428346 0 P 0
L 2.5547622 0.9116913 2.5747622 0.8716913 0 P 0
L 2.5547622 0.9116913 2.5947622 0.9116913 0 P 0
L 2.5587402 1.504252 2.5787402 1.464252 0 P 0
L 2.5587402 1.504252 2.5987402 1.504252 0 P 0
L 2.5587402 2.3428346 2.5787402 2.3028346 0 P 0
L 2.5587402 2.3428346 2.5987402 2.3428346 0 P 0
L 2.5590551 1.2674016 2.5790551 1.3074016 0 P 0
L 2.5590551 2.3618898 2.5790551 2.4018898 0 P 0
L 2.574447 2.242441 2.594447 2.202441 0 P 0
L 2.574447 2.242441 2.614447 2.242441 0 P 0
L 2.5747622 0.8716913 2.5947622 0.9116913 0 P 0
L 2.5784252 1.2207874 2.5984252 1.1807874 0 P 0
L 2.5784252 1.2207874 2.6184252 1.2207874 0 P 0
L 2.5784252 1.7516535 2.5784252 1.7916535 0 P 0
L 2.5784252 1.7516535 2.6184252 1.7516535 0 P 0
L 2.5784252 1.7916535 2.6184252 1.7916535 0 P 0
L 2.5784252 1.8303937 2.5784252 1.8703937 0 P 0
L 2.5784252 1.8303937 2.6184252 1.8303937 0 P 0
L 2.5784252 1.8703937 2.6184252 1.8703937 0 P 0
L 2.5784252 1.9091339 2.5784252 1.9491339 0 P 0
L 2.5784252 1.9091339 2.6184252 1.9091339 0 P 0
L 2.5784252 1.9491339 2.6184252 1.9491339 0 P 0
L 2.5784252 1.987874 2.5784252 2.027874 0 P 0
L 2.5784252 1.987874 2.6184252 1.987874 0 P 0
L 2.5784252 2.027874 2.6184252 2.027874 0 P 0
L 2.5784252 2.7262205 2.5884252 2.7262205 0 P 0
L 2.5784252 2.7262205 2.5884252 2.7362205 0 P 0
L 2.5784252 2.7462205 2.5884252 2.7362205 0 P 0
L 2.5784252 2.7462205 2.5884252 2.7462205 0 P 0
L 2.5784252 2.8049607 2.5884252 2.8049607 0 P 0
L 2.5784252 2.8049607 2.5884252 2.8149607 0 P 0
L 2.5784252 2.8249607 2.5884252 2.8149607 0 P 0
L 2.5784252 2.8249607 2.5884252 2.8249607 0 P 0
L 2.5787402 1.464252 2.5987402 1.504252 0 P 0
L 2.5787402 2.3028346 2.5987402 2.3428346 0 P 0
L 2.5882677 2.6381102 2.6082677 2.5981102 0 P 0
L 2.5882677 2.6381102 2.6282677 2.6381102 0 P 0
L 2.5884252 2.7262205 2.5984252 2.7162205 0 P 0
L 2.5884252 2.7462205 2.5984252 2.7562205 0 P 0
L 2.5884252 2.8049607 2.5984252 2.7949607 0 P 0
L 2.5884252 2.8249607 2.5984252 2.8349607 0 P 0
L 2.594447 2.202441 2.614447 2.242441 0 P 0
L 2.5984252 1.1807874 2.6184252 1.2207874 0 P 0
L 2.5984252 2.7162205 2.6084252 2.7262205 0 P 0
L 2.5984252 2.7562205 2.6084252 2.7462205 0 P 0
L 2.5984252 2.7949607 2.6084252 2.8049607 0 P 0
L 2.5984252 2.8349607 2.6084252 2.8249607 0 P 0
L 2.6020472 2.4137008 2.6220472 2.3737008 0 P 0
L 2.6020472 2.4137008 2.6420472 2.4137008 0 P 0
L 2.6059843 1.504252 2.6259843 1.464252 0 P 0
L 2.6059843 1.504252 2.6459843 1.504252 0 P 0
L 2.6082677 2.5981102 2.6282677 2.6381102 0 P 0
L 2.6084252 2.7262205 2.6184252 2.7262205 0 P 0
L 2.6084252 2.7362205 2.6184252 2.7262205 0 P 0
L 2.6084252 2.7362205 2.6184252 2.7462205 0 P 0
L 2.6084252 2.7462205 2.6184252 2.7462205 0 P 0
L 2.6084252 2.8049607 2.6184252 2.8049607 0 P 0
L 2.6084252 2.8149607 2.6184252 2.8049607 0 P 0
L 2.6084252 2.8149607 2.6184252 2.8249607 0 P 0
L 2.6084252 2.8249607 2.6184252 2.8249607 0 P 0
L 2.6177953 1.1223622 2.6377953 1.0823622 0 P 0
L 2.6177953 1.1223622 2.6577953 1.1223622 0 P 0
L 2.6177953 1.3467717 2.6377953 1.3067717 0 P 0
L 2.6177953 1.3467717 2.6577953 1.3467717 0 P 0
L 2.6177953 2.242441 2.6377953 2.202441 0 P 0
L 2.6177953 2.242441 2.6577953 2.242441 0 P 0
L 2.6177953 2.6085827 2.6377953 2.5685827 0 P 0
L 2.6177953 2.6085827 2.6577953 2.6085827 0 P 0
L 2.6184252 1.7516535 2.6184252 1.7916535 0 P 0
L 2.6184252 1.8303937 2.6184252 1.8703937 0 P 0
L 2.6184252 1.9091339 2.6184252 1.9491339 0 P 0
L 2.6184252 1.987874 2.6184252 2.027874 0 P 0
L 2.6197347 2.3644591 2.6397347 2.3244591 0 P 0
L 2.6197347 2.3644591 2.6597347 2.3644591 0 P 0
L 2.6220472 2.3737008 2.6420472 2.4137008 0 P 0
L 2.6259843 1.464252 2.6459843 1.504252 0 P 0
L 2.6374803 1.2207874 2.6574803 1.1807874 0 P 0
L 2.6374803 1.2207874 2.6774803 1.2207874 0 P 0
L 2.6377953 1.0823622 2.6577953 1.1223622 0 P 0
L 2.6377953 1.3067717 2.6577953 1.3467717 0 P 0
L 2.6377953 2.202441 2.6577953 2.242441 0 P 0
L 2.6377953 2.5685827 2.6577953 2.6085827 0 P 0
L 2.6397347 2.3244591 2.6597347 2.3644591 0 P 0
L 2.6414173 1.531811 2.6614173 1.491811 0 P 0
L 2.6414173 1.531811 2.6814173 1.531811 0 P 0
L 2.6571654 0.9648819 2.6771654 0.9248819 0 P 0
L 2.6571654 0.9648819 2.6971654 0.9648819 0 P 0
L 2.6571654 1.0337795 2.6771654 0.9937795 0 P 0
L 2.6571654 1.0337795 2.6971654 1.0337795 0 P 0
L 2.6571654 1.0429921 2.6571654 1.0829921 0 P 0
L 2.6571654 1.0429921 2.6971654 1.0429921 0 P 0
L 2.6571654 1.0829921 2.6971654 1.0829921 0 P 0
L 2.6571654 1.1217323 2.6571654 1.1617323 0 P 0
L 2.6571654 1.1217323 2.6971654 1.1217323 0 P 0
L 2.6571654 1.1617323 2.6971654 1.1617323 0 P 0
L 2.6571654 1.7516535 2.6571654 1.7916535 0 P 0
L 2.6571654 1.7516535 2.6971654 1.7516535 0 P 0
L 2.6571654 1.7916535 2.6971654 1.7916535 0 P 0
L 2.6571654 1.987874 2.6571654 2.027874 0 P 0
L 2.6571654 1.987874 2.6971654 1.987874 0 P 0
L 2.6571654 2.027874 2.6971654 2.027874 0 P 0
L 2.6571654 2.7262205 2.6671654 2.7262205 0 P 0
L 2.6571654 2.7262205 2.6671654 2.7362205 0 P 0
L 2.6571654 2.7462205 2.6671654 2.7362205 0 P 0
L 2.6571654 2.7462205 2.6671654 2.7462205 0 P 0
L 2.6571654 2.8049607 2.6671654 2.8049607 0 P 0
L 2.6571654 2.8049607 2.6671654 2.8149607 0 P 0
L 2.6571654 2.8249607 2.6671654 2.8149607 0 P 0
L 2.6571654 2.8249607 2.6671654 2.8249607 0 P 0
L 2.6574803 1.1807874 2.6774803 1.2207874 0 P 0
L 2.6614173 1.491811 2.6814173 1.531811 0 P 0
L 2.6671654 2.7262205 2.6771654 2.7162205 0 P 0
L 2.6671654 2.7462205 2.6771654 2.7562205 0 P 0
L 2.6671654 2.8049607 2.6771654 2.7949607 0 P 0
L 2.6671654 2.8249607 2.6771654 2.8349607 0 P 0
L 2.6689764 1.527874 2.6889764 1.487874 0 P 0
L 2.6689764 1.527874 2.7089764 1.527874 0 P 0
L 2.6771654 0.9248819 2.6971654 0.9648819 0 P 0
L 2.6771654 0.9937795 2.6971654 1.0337795 0 P 0
L 2.6771654 2.7162205 2.6871654 2.7262205 0 P 0
L 2.6771654 2.7562205 2.6871654 2.7462205 0 P 0
L 2.6771654 2.7949607 2.6871654 2.8049607 0 P 0
L 2.6771654 2.8349607 2.6871654 2.8249607 0 P 0
L 2.6773979 0.9162168 2.6973979 0.8762168 0 P 0
L 2.6773979 0.9162168 2.7173979 0.9162168 0 P 0
L 2.6847244 1.3979528 2.7047244 1.3579528 0 P 0
L 2.6847244 1.3979528 2.7247244 1.3979528 0 P 0
L 2.6866928 2.6184251 2.7066928 2.5784251 0 P 0
L 2.6866928 2.6184251 2.7266928 2.6184251 0 P 0
L 2.6871654 2.7262205 2.6971654 2.7262205 0 P 0
L 2.6871654 2.7362205 2.6971654 2.7262205 0 P 0
L 2.6871654 2.7362205 2.6971654 2.7462205 0 P 0
L 2.6871654 2.7462205 2.6971654 2.7462205 0 P 0
L 2.6871654 2.8049607 2.6971654 2.8049607 0 P 0
L 2.6871654 2.8149607 2.6971654 2.8049607 0 P 0
L 2.6871654 2.8149607 2.6971654 2.8249607 0 P 0
L 2.6871654 2.8249607 2.6971654 2.8249607 0 P 0
L 2.6886614 2.2404724 2.7086614 2.2004724 0 P 0
L 2.6886614 2.2404724 2.7286614 2.2404724 0 P 0
L 2.6889764 1.487874 2.7089764 1.527874 0 P 0
L 2.6925984 1.4924409 2.7125984 1.4524409 0 P 0
L 2.6925984 1.4924409 2.7325984 1.4924409 0 P 0
L 2.6965354 1.2207874 2.7165354 1.1807874 0 P 0
L 2.6965354 1.2207874 2.7365354 1.2207874 0 P 0
L 2.6965354 2.52 2.7165354 2.48 0 P 0
L 2.6965354 2.52 2.7365354 2.52 0 P 0
L 2.6971654 1.0429921 2.6971654 1.0829921 0 P 0
L 2.6971654 1.1217323 2.6971654 1.1617323 0 P 0
L 2.6971654 1.7516535 2.6971654 1.7916535 0 P 0
L 2.6971654 1.987874 2.6971654 2.027874 0 P 0
L 2.6973979 0.8762168 2.7173979 0.9162168 0 P 0
L 2.7004724 2.0514961 2.7204724 2.0114961 0 P 0
L 2.7004724 2.0514961 2.7404724 2.0514961 0 P 0
L 2.7047244 1.3579528 2.7247244 1.3979528 0 P 0
L 2.7066928 2.5784251 2.7266928 2.6184251 0 P 0
L 2.7086614 2.2004724 2.7286614 2.2404724 0 P 0
L 2.7125984 1.4524409 2.7325984 1.4924409 0 P 0
L 2.7162205 2.2286614 2.7362205 2.1886614 0 P 0
L 2.7162205 2.2286614 2.7562205 2.2286614 0 P 0
L 2.7165354 1.1807874 2.7365354 1.2207874 0 P 0
L 2.7165354 2.48 2.7365354 2.52 0 P 0
L 2.7204724 2.0114961 2.7404724 2.0514961 0 P 0
L 2.7319685 2.3467717 2.7519685 2.3067717 0 P 0
L 2.7319685 2.3467717 2.7719685 2.3467717 0 P 0
L 2.7347244 0.9144882 2.7547244 0.8744882 0 P 0
L 2.7347244 0.9144882 2.7747244 0.9144882 0 P 0
L 2.7359055 1.987874 2.7359055 2.027874 0 P 0
L 2.7359055 1.987874 2.7759055 1.987874 0 P 0
L 2.7359055 2.027874 2.7759055 2.027874 0 P 0
L 2.7359055 2.0751181 2.7559055 2.0351181 0 P 0
L 2.7359055 2.0751181 2.7759055 2.0751181 0 P 0
L 2.7359055 2.4117323 2.7559055 2.3717323 0 P 0
L 2.7359055 2.4117323 2.7759055 2.4117323 0 P 0
L 2.7359055 2.7262205 2.7459055 2.7262205 0 P 0
L 2.7359055 2.7262205 2.7459055 2.7362205 0 P 0
L 2.7359055 2.7462205 2.7459055 2.7362205 0 P 0
L 2.7359055 2.7462205 2.7459055 2.7462205 0 P 0
L 2.7359055 2.8049607 2.7459055 2.8049607 0 P 0
L 2.7359055 2.8049607 2.7459055 2.8149607 0 P 0
L 2.7359055 2.8249607 2.7459055 2.8149607 0 P 0
L 2.7359055 2.8249607 2.7459055 2.8249607 0 P 0
L 2.7362205 2.1886614 2.7562205 2.2286614 0 P 0
L 2.7437795 1.4924409 2.7637795 1.4524409 0 P 0
L 2.7437795 1.4924409 2.7837795 1.4924409 0 P 0
L 2.745748 2.5495276 2.765748 2.5095276 0 P 0
L 2.745748 2.5495276 2.785748 2.5495276 0 P 0
L 2.7459055 2.7262205 2.7559055 2.7162205 0 P 0
L 2.7459055 2.7462205 2.7559055 2.7562205 0 P 0
L 2.7459055 2.8049607 2.7559055 2.7949607 0 P 0
L 2.7459055 2.8249607 2.7559055 2.8349607 0 P 0
L 2.7477165 1.4018898 2.7677165 1.3618898 0 P 0
L 2.7477165 1.4018898 2.7877165 1.4018898 0 P 0
L 2.7516535 2.2444094 2.7716535 2.2044094 0 P 0
L 2.7516535 2.2444094 2.7916535 2.2444094 0 P 0
L 2.7519685 2.3067717 2.7719685 2.3467717 0 P 0
L 2.7547244 0.8744882 2.7747244 0.9144882 0 P 0
L 2.7555906 1.2247244 2.7755906 1.1847244 0 P 0
L 2.7555906 1.2247244 2.7955906 1.2247244 0 P 0
L 2.7559055 2.0351181 2.7759055 2.0751181 0 P 0
L 2.7559055 2.3717323 2.7759055 2.4117323 0 P 0
L 2.7559055 2.7162205 2.7659055 2.7262205 0 P 0
L 2.7559055 2.7562205 2.7659055 2.7462205 0 P 0
L 2.7559055 2.7949607 2.7659055 2.8049607 0 P 0
L 2.7559055 2.8349607 2.7659055 2.8249607 0 P 0
L 2.7637795 1.4524409 2.7837795 1.4924409 0 P 0
L 2.765748 2.5095276 2.785748 2.5495276 0 P 0
L 2.7659055 2.7262205 2.7759055 2.7262205 0 P 0
L 2.7659055 2.7362205 2.7759055 2.7262205 0 P 0
L 2.7659055 2.7362205 2.7759055 2.7462205 0 P 0
L 2.7659055 2.7462205 2.7759055 2.7462205 0 P 0
L 2.7659055 2.8049607 2.7759055 2.8049607 0 P 0
L 2.7659055 2.8149607 2.7759055 2.8049607 0 P 0
L 2.7659055 2.8149607 2.7759055 2.8249607 0 P 0
L 2.7659055 2.8249607 2.7759055 2.8249607 0 P 0
L 2.7674016 2.0751181 2.7874016 2.0351181 0 P 0
L 2.7674016 2.0751181 2.8074016 2.0751181 0 P 0
L 2.7677165 1.3618898 2.7877165 1.4018898 0 P 0
L 2.7712624 0.90352 2.7912624 0.86352 0 P 0
L 2.7712624 0.90352 2.8112624 0.90352 0 P 0
L 2.7716535 2.2044094 2.7916535 2.2444094 0 P 0
L 2.7752756 2.8540157 2.7752756 2.8940157 0 P 0
L 2.7752756 2.8540157 2.8152756 2.8540157 0 P 0
L 2.7752756 2.8940157 2.8152756 2.8940157 0 P 0
L 2.7755906 1.1847244 2.7955906 1.2247244 0 P 0
L 2.7759055 1.987874 2.7759055 2.027874 0 P 0
L 2.7792126 2.2325984 2.7992126 2.1925984 0 P 0
L 2.7792126 2.2325984 2.8192126 2.2325984 0 P 0
L 2.7851181 1.2207874 2.8051181 1.1807874 0 P 0
L 2.7851181 1.2207874 2.8251181 1.2207874 0 P 0
L 2.7851181 2.52 2.8051181 2.48 0 P 0
L 2.7851181 2.52 2.8251181 2.52 0 P 0
L 2.7874016 2.0351181 2.8074016 2.0751181 0 P 0
L 2.7912624 0.86352 2.8112624 0.90352 0 P 0
L 2.7992126 2.1925984 2.8192126 2.2325984 0 P 0
L 2.8048031 0.8959843 2.8248031 0.8559843 0 P 0
L 2.8048031 0.8959843 2.8448031 0.8959843 0 P 0
L 2.8051181 1.1807874 2.8251181 1.2207874 0 P 0
L 2.8051181 2.48 2.8251181 2.52 0 P 0
L 2.8146457 1.987874 2.8146457 2.027874 0 P 0
L 2.8146457 1.987874 2.8546457 1.987874 0 P 0
L 2.8146457 2.027874 2.8546457 2.027874 0 P 0
L 2.8146457 2.7262205 2.8246457 2.7262205 0 P 0
L 2.8146457 2.7262205 2.8246457 2.7362205 0 P 0
L 2.8146457 2.7462205 2.8246457 2.7362205 0 P 0
L 2.8146457 2.7462205 2.8246457 2.7462205 0 P 0
L 2.8146457 2.8049607 2.8246457 2.8049607 0 P 0
L 2.8146457 2.8049607 2.8246457 2.8149607 0 P 0
L 2.8146457 2.8249607 2.8246457 2.8149607 0 P 0
L 2.8146457 2.8249607 2.8246457 2.8249607 0 P 0
L 2.8152756 2.8540157 2.8152756 2.8940157 0 P 0
L 2.8244882 1.2109449 2.8444882 1.1709449 0 P 0
L 2.8244882 1.2109449 2.8644882 1.2109449 0 P 0
L 2.8246457 2.7262205 2.8346457 2.7162205 0 P 0
L 2.8246457 2.7462205 2.8346457 2.7562205 0 P 0
L 2.8246457 2.8049607 2.8346457 2.7949607 0 P 0
L 2.8246457 2.8249607 2.8346457 2.8349607 0 P 0
L 2.8248031 0.8559843 2.8448031 0.8959843 0 P 0
L 2.8343307 1.3585827 2.8543307 1.3185827 0 P 0
L 2.8343307 1.3585827 2.8743307 1.3585827 0 P 0
L 2.8346457 2.7162205 2.8446457 2.7262205 0 P 0
L 2.8346457 2.7562205 2.8446457 2.7462205 0 P 0
L 2.8346457 2.7949607 2.8446457 2.8049607 0 P 0
L 2.8346457 2.8349607 2.8446457 2.8249607 0 P 0
L 2.8444882 1.1709449 2.8644882 1.2109449 0 P 0
L 2.8446457 2.7262205 2.8546457 2.7262205 0 P 0
L 2.8446457 2.7362205 2.8546457 2.7262205 0 P 0
L 2.8446457 2.7362205 2.8546457 2.7462205 0 P 0
L 2.8446457 2.7462205 2.8546457 2.7462205 0 P 0
L 2.8446457 2.8049607 2.8546457 2.8049607 0 P 0
L 2.8446457 2.8149607 2.8546457 2.8049607 0 P 0
L 2.8446457 2.8149607 2.8546457 2.8249607 0 P 0
L 2.8446457 2.8249607 2.8546457 2.8249607 0 P 0
L 2.8540157 1.527874 2.8740157 1.487874 0 P 0
L 2.8540157 1.527874 2.8940157 1.527874 0 P 0
L 2.8540157 2.6873228 2.8740157 2.6473228 0 P 0
L 2.8540157 2.6873228 2.8940157 2.6873228 0 P 0
L 2.8543307 1.3185827 2.8743307 1.3585827 0 P 0
L 2.8546457 1.987874 2.8546457 2.027874 0 P 0
L 2.8697638 2.0790551 2.8897638 2.0390551 0 P 0
L 2.8697638 2.0790551 2.9097638 2.0790551 0 P 0
L 2.8740157 1.487874 2.8940157 1.527874 0 P 0
L 2.8740157 2.6473228 2.8940157 2.6873228 0 P 0
L 2.8776378 2.2365354 2.8976378 2.1965354 0 P 0
L 2.8776378 2.2365354 2.9176378 2.2365354 0 P 0
L 2.8815748 1.531811 2.9015748 1.491811 0 P 0
L 2.8815748 1.531811 2.9215748 1.531811 0 P 0
L 2.8835433 1.1125197 2.9035433 1.0725197 0 P 0
L 2.8835433 1.1125197 2.9235433 1.1125197 0 P 0
L 2.8897638 2.0390551 2.9097638 2.0790551 0 P 0
L 2.8933858 1.7516535 2.8933858 1.7916535 0 P 0
L 2.8933858 1.7516535 2.9333858 1.7516535 0 P 0
L 2.8933858 1.7916535 2.9333858 1.7916535 0 P 0
L 2.8933858 1.8303937 2.8933858 1.8703937 0 P 0
L 2.8933858 1.8303937 2.9333858 1.8303937 0 P 0
L 2.8933858 1.8703937 2.9333858 1.8703937 0 P 0
L 2.8933858 1.9091339 2.8933858 1.9491339 0 P 0
L 2.8933858 1.9091339 2.9333858 1.9091339 0 P 0
L 2.8933858 1.9491339 2.9333858 1.9491339 0 P 0
L 2.8933858 2.1420472 2.9133858 2.1020472 0 P 0
L 2.8933858 2.1420472 2.9333858 2.1420472 0 P 0
L 2.8933858 2.7262205 2.9033858 2.7262205 0 P 0
L 2.8933858 2.7262205 2.9033858 2.7362205 0 P 0
L 2.8933858 2.7462205 2.9033858 2.7362205 0 P 0
L 2.8933858 2.7462205 2.9033858 2.7462205 0 P 0
L 2.8933858 2.8049607 2.9033858 2.8049607 0 P 0
L 2.8933858 2.8049607 2.9033858 2.8149607 0 P 0
L 2.8933858 2.8249607 2.9033858 2.8149607 0 P 0
L 2.8933858 2.8249607 2.9033858 2.8249607 0 P 0
L 2.8976378 2.1965354 2.9176378 2.2365354 0 P 0
L 2.9015748 1.491811 2.9215748 1.531811 0 P 0
L 2.9032284 1.254252 2.9232284 1.214252 0 P 0
L 2.9032284 1.254252 2.9432284 1.254252 0 P 0
L 2.9033858 2.7262205 2.9133858 2.7162205 0 P 0
L 2.9033858 2.7462205 2.9133858 2.7562205 0 P 0
L 2.9033858 2.8049607 2.9133858 2.7949607 0 P 0
L 2.9033858 2.8249607 2.9133858 2.8349607 0 P 0
L 2.9035433 1.0725197 2.9235433 1.1125197 0 P 0
L 2.9051969 2.2365354 2.9251969 2.1965354 0 P 0
L 2.9051969 2.2365354 2.9451969 2.2365354 0 P 0
L 2.9130709 1.531811 2.9330709 1.491811 0 P 0
L 2.9130709 1.531811 2.9530709 1.531811 0 P 0
L 2.9130709 2.5239371 2.9330709 2.4839371 0 P 0
L 2.9130709 2.5239371 2.9530709 2.5239371 0 P 0
L 2.9133858 2.1020472 2.9333858 2.1420472 0 P 0
L 2.9133858 2.7162205 2.9233858 2.7262205 0 P 0
L 2.9133858 2.7562205 2.9233858 2.7462205 0 P 0
L 2.9133858 2.7949607 2.9233858 2.8049607 0 P 0
L 2.9133858 2.8349607 2.9233858 2.8249607 0 P 0
L 2.9232284 1.214252 2.9432284 1.254252 0 P 0
L 2.9233858 2.7262205 2.9333858 2.7262205 0 P 0
L 2.9233858 2.7362205 2.9333858 2.7262205 0 P 0
L 2.9233858 2.7362205 2.9333858 2.7462205 0 P 0
L 2.9233858 2.7462205 2.9333858 2.7462205 0 P 0
L 2.9233858 2.8049607 2.9333858 2.8049607 0 P 0
L 2.9233858 2.8149607 2.9333858 2.8049607 0 P 0
L 2.9233858 2.8149607 2.9333858 2.8249607 0 P 0
L 2.9233858 2.8249607 2.9333858 2.8249607 0 P 0
L 2.9251969 2.1965354 2.9451969 2.2365354 0 P 0
L 2.9327559 1.8703937 2.9527559 1.8303937 0 P 0
L 2.9327559 1.8703937 2.9727559 1.8703937 0 P 0
L 2.9330709 1.491811 2.9530709 1.531811 0 P 0
L 2.9330709 2.4839371 2.9530709 2.5239371 0 P 0
L 2.9333858 1.7516535 2.9333858 1.7916535 0 P 0
L 2.9333858 1.8303937 2.9333858 1.8703937 0 P 0
L 2.9333858 1.9091339 2.9333858 1.9491339 0 P 0
L 2.9406299 1.535748 2.9606299 1.495748 0 P 0
L 2.9406299 1.535748 2.9806299 1.535748 0 P 0
L 2.9485039 1.6538583 2.9685039 1.6138583 0 P 0
L 2.9485039 1.6538583 2.9885039 1.6538583 0 P 0
L 2.9507024 2.6678678 2.9707024 2.6278678 0 P 0
L 2.9507024 2.6678678 2.9907024 2.6678678 0 P 0
L 2.9524409 2.746378 2.9724409 2.706378 0 P 0
L 2.9524409 2.746378 2.9924409 2.746378 0 P 0
L 2.9527559 1.8303937 2.9727559 1.8703937 0 P 0
L 2.959 1.186 2.979 1.146 0 P 0
L 2.959 1.186 2.999 1.186 0 P 0
L 2.960315 1.6814173 2.980315 1.6414173 0 P 0
L 2.960315 1.6814173 3.000315 1.6814173 0 P 0
L 2.960315 1.8546457 2.980315 1.8146457 0 P 0
L 2.960315 1.8546457 3.000315 1.8546457 0 P 0
L 2.9606299 1.495748 2.9806299 1.535748 0 P 0
L 2.9622835 1.3487402 2.9822835 1.3087402 0 P 0
L 2.9622835 1.3487402 3.0022835 1.3487402 0 P 0
L 2.964252 2.2444094 2.984252 2.2044094 0 P 0
L 2.964252 2.2444094 3.004252 2.2444094 0 P 0
L 2.968189 1.6302362 2.988189 1.5902362 0 P 0
L 2.968189 1.6302362 3.008189 1.6302362 0 P 0
L 2.968189 1.7089764 2.988189 1.6689764 0 P 0
L 2.968189 1.7089764 3.008189 1.7089764 0 P 0
L 2.9685039 1.6138583 2.9885039 1.6538583 0 P 0
L 2.9707024 2.6278678 2.9907024 2.6678678 0 P 0
L 2.972126 2.1453543 2.972126 2.1853543 0 P 0
L 2.972126 2.1453543 3.012126 2.1453543 0 P 0
L 2.972126 2.1853543 3.012126 2.1853543 0 P 0
L 2.9724409 2.706378 2.9924409 2.746378 0 P 0
L 2.979 1.146 2.999 1.186 0 P 0
L 2.98 1.539685 3 1.499685 0 P 0
L 2.98 1.539685 3.02 1.539685 0 P 0
L 2.980315 1.6414173 3.000315 1.6814173 0 P 0
L 2.980315 1.8146457 3.000315 1.8546457 0 P 0
L 2.9822835 1.3087402 3.0022835 1.3487402 0 P 0
L 2.984252 2.2044094 3.004252 2.2444094 0 P 0
L 2.988189 1.5902362 3.008189 1.6302362 0 P 0
L 2.988189 1.6689764 3.008189 1.7089764 0 P 0
L 2.991811 1.2247244 3.011811 1.1847244 0 P 0
L 2.991811 1.2247244 3.031811 1.2247244 0 P 0
L 3 1.499685 3.02 1.539685 0 P 0
L 3.0114961 1.3979528 3.0314961 1.3579528 0 P 0
L 3.0114961 1.3979528 3.0514961 1.3979528 0 P 0
L 3.0114961 1.8303937 3.0114961 1.8703937 0 P 0
L 3.0114961 1.8303937 3.0514961 1.8303937 0 P 0
L 3.0114961 1.8703937 3.0514961 1.8703937 0 P 0
L 3.0114961 2.0272441 3.0114961 2.0672441 0 P 0
L 3.0114961 2.0272441 3.0514961 2.0272441 0 P 0
L 3.0114961 2.0672441 3.0514961 2.0672441 0 P 0
L 3.0114961 2.483937 3.0114961 2.523937 0 P 0
L 3.0114961 2.483937 3.0514961 2.483937 0 P 0
L 3.0114961 2.523937 3.0514961 2.523937 0 P 0
L 3.011811 1.1847244 3.031811 1.2247244 0 P 0
L 3.012126 2.1453543 3.012126 2.1853543 0 P 0
L 3.0233071 1.3467717 3.0433071 1.3067717 0 P 0
L 3.0233071 1.3467717 3.0633071 1.3467717 0 P 0
L 3.0233071 2.1026772 3.0433071 2.0626772 0 P 0
L 3.0233071 2.1026772 3.0633071 2.1026772 0 P 0
L 3.0233071 2.3979528 3.0433071 2.3579528 0 P 0
L 3.0233071 2.3979528 3.0633071 2.3979528 0 P 0
L 3.0252755 2.3704641 3.0452755 2.3304641 0 P 0
L 3.0252755 2.3704641 3.0652755 2.3704641 0 P 0
L 3.0311811 2.2444094 3.0511811 2.2044094 0 P 0
L 3.0311811 2.2444094 3.0711811 2.2444094 0 P 0
L 3.0314961 1.3579528 3.0514961 1.3979528 0 P 0
L 3.0351181 1.6262992 3.0551181 1.5862992 0 P 0
L 3.0351181 1.6262992 3.0751181 1.6262992 0 P 0
L 3.0429921 1.9018898 3.0629921 1.8618898 0 P 0
L 3.0429921 1.9018898 3.0829921 1.9018898 0 P 0
L 3.0433071 1.3067717 3.0633071 1.3467717 0 P 0
L 3.0433071 2.0626772 3.0633071 2.1026772 0 P 0
L 3.0433071 2.3579528 3.0633071 2.3979528 0 P 0
L 3.0452755 2.3304641 3.0652755 2.3704641 0 P 0
L 3.0469291 2.531811 3.0669291 2.491811 0 P 0
L 3.0469291 2.531811 3.0869291 2.531811 0 P 0
L 3.0508661 1.2247244 3.0708661 1.1847244 0 P 0
L 3.0508661 1.2247244 3.0908661 1.2247244 0 P 0
L 3.0508661 1.9485039 3.0508661 1.9885039 0 P 0
L 3.0508661 1.9485039 3.0908661 1.9485039 0 P 0
L 3.0508661 1.9885039 3.0908661 1.9885039 0 P 0
L 3.0511811 2.2044094 3.0711811 2.2444094 0 P 0
L 3.0514961 1.8303937 3.0514961 1.8703937 0 P 0
L 3.0514961 2.0272441 3.0514961 2.0672441 0 P 0
L 3.0514961 2.483937 3.0514961 2.523937 0 P 0
L 3.0551181 1.5862992 3.0751181 1.6262992 0 P 0
L 3.0626772 1.9215748 3.0826772 1.8815748 0 P 0
L 3.0626772 1.9215748 3.1026772 1.9215748 0 P 0
L 3.0629921 1.8618898 3.0829921 1.9018898 0 P 0
L 3.0669291 2.491811 3.0869291 2.531811 0 P 0
L 3.069596 2.3477269 3.089596 2.3077269 0 P 0
L 3.069596 2.3477269 3.109596 2.3477269 0 P 0
L 3.0705512 1.2011024 3.0905512 1.1611024 0 P 0
L 3.0705512 1.2011024 3.1105512 1.2011024 0 P 0
L 3.0705512 1.7011024 3.0905512 1.6611024 0 P 0
L 3.0705512 1.7011024 3.1105512 1.7011024 0 P 0
L 3.0708661 1.1847244 3.0908661 1.2247244 0 P 0
L 3.0779114 2.1803898 3.0979114 2.1403898 0 P 0
L 3.0779114 2.1803898 3.1179114 2.1803898 0 P 0
L 3.0823622 2.0790551 3.1023622 2.0390551 0 P 0
L 3.0823622 2.0790551 3.1223622 2.0790551 0 P 0
L 3.0826772 1.8815748 3.1026772 1.9215748 0 P 0
L 3.0862992 2.0514961 3.1062992 2.0114961 0 P 0
L 3.0862992 2.0514961 3.1262992 2.0514961 0 P 0
L 3.088 1.669 3.108 1.629 0 P 0
L 3.088 1.669 3.128 1.669 0 P 0
L 3.089596 2.3077269 3.109596 2.3477269 0 P 0
L 3.0902362 1.8697638 3.0902362 1.9097638 0 P 0
L 3.0902362 1.8697638 3.1302362 1.8697638 0 P 0
L 3.0902362 1.9091339 3.0902362 1.9491339 0 P 0
L 3.0902362 1.9091339 3.1302362 1.9091339 0 P 0
L 3.0902362 1.9097638 3.1302362 1.9097638 0 P 0
L 3.0902362 1.9491339 3.1302362 1.9491339 0 P 0
L 3.0902362 2.023937 3.1102362 1.983937 0 P 0
L 3.0902362 2.023937 3.1302362 2.023937 0 P 0
L 3.0902362 2.2050394 3.1102362 2.1650394 0 P 0
L 3.0902362 2.2050394 3.1302362 2.2050394 0 P 0
L 3.0902362 2.5390551 3.0902362 2.5790551 0 P 0
L 3.0902362 2.5390551 3.1302362 2.5390551 0 P 0
L 3.0902362 2.5790551 3.1302362 2.5790551 0 P 0
L 3.0905512 1.1611024 3.1105512 1.2011024 0 P 0
L 3.0905512 1.6611024 3.1105512 1.7011024 0 P 0
L 3.0908661 1.9485039 3.0908661 1.9885039 0 P 0
L 3.0941732 1.6223622 3.1141732 1.5823622 0 P 0
L 3.0941732 1.6223622 3.1341732 1.6223622 0 P 0
L 3.0941732 2.1538583 3.1141732 2.1138583 0 P 0
L 3.0941732 2.1538583 3.1341732 2.1538583 0 P 0
L 3.0979114 2.1403898 3.1179114 2.1803898 0 P 0
L 3.1020472 2.1026772 3.1220472 2.0626772 0 P 0
L 3.1020472 2.1026772 3.1420472 2.1026772 0 P 0
L 3.1023622 2.0390551 3.1223622 2.0790551 0 P 0
L 3.1062992 2.0114961 3.1262992 2.0514961 0 P 0
L 3.108 1.629 3.128 1.669 0 P 0
L 3.1099213 1.6971654 3.1299213 1.6571654 0 P 0
L 3.1099213 1.6971654 3.1499213 1.6971654 0 P 0
L 3.1099213 1.8034646 3.1299213 1.7634646 0 P 0
L 3.1099213 1.8034646 3.1499213 1.8034646 0 P 0
L 3.1099213 1.8664567 3.1299213 1.8264567 0 P 0
L 3.1099213 1.8664567 3.1499213 1.8664567 0 P 0
L 3.1099213 1.9766929 3.1299213 1.9366929 0 P 0
L 3.1099213 1.9766929 3.1499213 1.9766929 0 P 0
L 3.1099213 2.004252 3.1299213 1.964252 0 P 0
L 3.1099213 2.004252 3.1499213 2.004252 0 P 0
L 3.1102362 1.983937 3.1302362 2.023937 0 P 0
L 3.1102362 2.1650394 3.1302362 2.2050394 0 P 0
L 3.1137758 2.1302773 3.1337758 2.0902773 0 P 0
L 3.1137758 2.1302773 3.1537758 2.1302773 0 P 0
L 3.1141732 1.5823622 3.1341732 1.6223622 0 P 0
L 3.1141732 2.1138583 3.1341732 2.1538583 0 P 0
L 3.1220472 2.0626772 3.1420472 2.1026772 0 P 0
L 3.1296063 0.8855118 3.1296063 0.9255118 0 P 0
L 3.1296063 0.8855118 3.1696063 0.8855118 0 P 0
L 3.1296063 0.9255118 3.1696063 0.9255118 0 P 0
L 3.1296063 1.2011024 3.1496063 1.1611024 0 P 0
L 3.1296063 1.2011024 3.1696063 1.2011024 0 P 0
L 3.1296063 2.495748 3.1296063 2.535748 0 P 0
L 3.1296063 2.495748 3.1696063 2.495748 0 P 0
L 3.1296063 2.535748 3.1696063 2.535748 0 P 0
L 3.1299213 1.6571654 3.1499213 1.6971654 0 P 0
L 3.1299213 1.7634646 3.1499213 1.8034646 0 P 0
L 3.1299213 1.8264567 3.1499213 1.8664567 0 P 0
L 3.1299213 1.9366929 3.1499213 1.9766929 0 P 0
L 3.1299213 1.964252 3.1499213 2.004252 0 P 0
L 3.1302362 1.8697638 3.1302362 1.9097638 0 P 0
L 3.1302362 1.9091339 3.1302362 1.9491339 0 P 0
L 3.1302362 2.5390551 3.1302362 2.5790551 0 P 0
L 3.1337758 2.0902773 3.1537758 2.1302773 0 P 0
L 3.1394488 1.023937 3.1594488 0.983937 0 P 0
L 3.1394488 1.023937 3.1794488 1.023937 0 P 0
L 3.1394488 1.3979528 3.1594488 1.3579528 0 P 0
L 3.1394488 1.3979528 3.1794488 1.3979528 0 P 0
L 3.1496063 1.1611024 3.1696063 1.2011024 0 P 0
L 3.1594488 0.983937 3.1794488 1.023937 0 P 0
L 3.1594488 1.3579528 3.1794488 1.3979528 0 P 0
L 3.1689764 2.2634646 3.1689764 2.3034646 0 P 0
L 3.1689764 2.2634646 3.2089764 2.2634646 0 P 0
L 3.1689764 2.3034646 3.2089764 2.3034646 0 P 0
L 3.1689764 2.499685 3.1689764 2.539685 0 P 0
L 3.1689764 2.499685 3.2089764 2.499685 0 P 0
L 3.1689764 2.539685 3.2089764 2.539685 0 P 0
L 3.1689764 2.8540157 3.1689764 2.8940157 0 P 0
L 3.1689764 2.8540157 3.2089764 2.8540157 0 P 0
L 3.1689764 2.8940157 3.2089764 2.8940157 0 P 0
L 3.1696063 0.8855118 3.1696063 0.9255118 0 P 0
L 3.1696063 2.495748 3.1696063 2.535748 0 P 0
L 3.1788189 2.7266929 3.1988189 2.6866929 0 P 0
L 3.1788189 2.7266929 3.2188189 2.7266929 0 P 0
L 3.1886614 2.4314173 3.2086614 2.3914173 0 P 0
L 3.1886614 2.4314173 3.2286614 2.4314173 0 P 0
L 3.1985039 1.3192126 3.2185039 1.2792126 0 P 0
L 3.1985039 1.3192126 3.2385039 1.3192126 0 P 0
L 3.1985039 1.4373228 3.2185039 1.3973228 0 P 0
L 3.1985039 1.4373228 3.2385039 1.4373228 0 P 0
L 3.1988189 2.6866929 3.2188189 2.7266929 0 P 0
L 3.2044094 2.4327559 3.2044094 2.4727559 0 P 0
L 3.2044094 2.4327559 3.2444094 2.4327559 0 P 0
L 3.2044094 2.4727559 3.2444094 2.4727559 0 P 0
L 3.2044094 2.6020472 3.2044094 2.6420472 0 P 0
L 3.2044094 2.6020472 3.2444094 2.6020472 0 P 0
L 3.2044094 2.6420472 3.2444094 2.6420472 0 P 0
L 3.2073912 1.9088085 3.2273912 1.8688085 0 P 0
L 3.2073912 1.9088085 3.2473912 1.9088085 0 P 0
L 3.2083465 0.8855118 3.2083465 0.9255118 0 P 0
L 3.2083465 0.8855118 3.2483465 0.8855118 0 P 0
L 3.2083465 0.9255118 3.2483465 0.9255118 0 P 0
L 3.2083465 1.7207874 3.2283465 1.6807874 0 P 0
L 3.2083465 1.7207874 3.2483465 1.7207874 0 P 0
L 3.2083465 2.52 3.2283465 2.48 0 P 0
L 3.2083465 2.52 3.2483465 2.52 0 P 0
L 3.2086614 2.3914173 3.2286614 2.4314173 0 P 0
L 3.2089764 2.2634646 3.2089764 2.3034646 0 P 0
L 3.2089764 2.499685 3.2089764 2.539685 0 P 0
L 3.2089764 2.8540157 3.2089764 2.8940157 0 P 0
L 3.2122835 1.508189 3.2322835 1.468189 0 P 0
L 3.2122835 1.508189 3.2522835 1.508189 0 P 0
L 3.2122835 1.9648819 3.2322835 1.9248819 0 P 0
L 3.2122835 1.9648819 3.2522835 1.9648819 0 P 0
L 3.2151254 1.8535506 3.2351254 1.8135506 0 P 0
L 3.2151254 1.8535506 3.2551254 1.8535506 0 P 0
L 3.2162205 1.7995276 3.2362205 1.7595276 0 P 0
L 3.2162205 1.7995276 3.2562205 1.7995276 0 P 0
L 3.2185039 1.2792126 3.2385039 1.3192126 0 P 0
L 3.2185039 1.3973228 3.2385039 1.4373228 0 P 0
L 3.2225118 1.9904725 3.2425118 1.9504725 0 P 0
L 3.2225118 1.9904725 3.2625118 1.9904725 0 P 0
L 3.2250787 2.1311624 3.2450787 2.0911624 0 P 0
L 3.2250787 2.1311624 3.2650787 2.1311624 0 P 0
L 3.2273912 1.8688085 3.2473912 1.9088085 0 P 0
L 3.2280315 1.6538583 3.2480315 1.6138583 0 P 0
L 3.2280315 1.6538583 3.2680315 1.6538583 0 P 0
L 3.2283465 1.6807874 3.2483465 1.7207874 0 P 0
L 3.2283465 2.48 3.2483465 2.52 0 P 0
L 3.2319685 1.8270866 3.2519685 1.7870866 0 P 0
L 3.2319685 1.8270866 3.2719685 1.8270866 0 P 0
L 3.2322835 1.468189 3.2522835 1.508189 0 P 0
L 3.2322835 1.9248819 3.2522835 1.9648819 0 P 0
L 3.2351254 1.8135506 3.2551254 1.8535506 0 P 0
L 3.2362205 1.7595276 3.2562205 1.7995276 0 P 0
L 3.2425118 1.9504725 3.2625118 1.9904725 0 P 0
L 3.2444094 2.4327559 3.2444094 2.4727559 0 P 0
L 3.2444094 2.6020472 3.2444094 2.6420472 0 P 0
L 3.2450787 2.0911624 3.2650787 2.1311624 0 P 0
L 3.2477165 2.766063 3.2677165 2.726063 0 P 0
L 3.2477165 2.766063 3.2877165 2.766063 0 P 0
L 3.2480315 1.6138583 3.2680315 1.6538583 0 P 0
L 3.2483465 0.8855118 3.2483465 0.9255118 0 P 0
L 3.2519685 1.7870866 3.2719685 1.8270866 0 P 0
L 3.253622 2.2129352 3.273622 2.1729352 0 P 0
L 3.253622 2.2129352 3.293622 2.2129352 0 P 0
L 3.2575591 1.289685 3.2775591 1.249685 0 P 0
L 3.2575591 1.289685 3.2975591 1.289685 0 P 0
L 3.2595276 1.9373228 3.2795276 1.8973228 0 P 0
L 3.2595276 1.9373228 3.2995276 1.9373228 0 P 0
L 3.2674016 1.3979528 3.2874016 1.3579528 0 P 0
L 3.2674016 1.3979528 3.3074016 1.3979528 0 P 0
L 3.2677165 2.726063 3.2877165 2.766063 0 P 0
L 3.2713386 1.5672441 3.2913386 1.5272441 0 P 0
L 3.2713386 1.5672441 3.3113386 1.5672441 0 P 0
L 3.273622 2.1729352 3.293622 2.2129352 0 P 0
L 3.2775591 1.249685 3.2975591 1.289685 0 P 0
L 3.2792126 1.4885039 3.2992126 1.4485039 0 P 0
L 3.2792126 1.4885039 3.3192126 1.4885039 0 P 0
L 3.2795276 1.8973228 3.2995276 1.9373228 0 P 0
L 3.2870866 1.0233071 3.2870866 1.0633071 0 P 0
L 3.2870866 1.0233071 3.3270866 1.0233071 0 P 0
L 3.2870866 1.0633071 3.3270866 1.0633071 0 P 0
L 3.2870866 1.0823622 3.2870866 1.1223622 0 P 0
L 3.2870866 1.0823622 3.3270866 1.0823622 0 P 0
L 3.2870866 1.1223622 3.3270866 1.1223622 0 P 0
L 3.2870866 1.1414173 3.2870866 1.1814173 0 P 0
L 3.2870866 1.1414173 3.3270866 1.1414173 0 P 0
L 3.2870866 1.1814173 3.3270866 1.1814173 0 P 0
L 3.2870866 1.7719685 3.3070866 1.7319685 0 P 0
L 3.2870866 1.7719685 3.3270866 1.7719685 0 P 0
L 3.2874016 1.3579528 3.3074016 1.3979528 0 P 0
L 3.2890351 1.9519957 3.3090351 1.9119957 0 P 0
L 3.2890351 1.9519957 3.3290351 1.9519957 0 P 0
L 3.2913386 1.5272441 3.3113386 1.5672441 0 P 0
L 3.2992126 1.4485039 3.3192126 1.4885039 0 P 0
L 3.3067717 1.4845669 3.3267717 1.4445669 0 P 0
L 3.3067717 1.4845669 3.3467717 1.4845669 0 P 0
L 3.3070866 1.7319685 3.3270866 1.7719685 0 P 0
L 3.3090351 1.9119957 3.3290351 1.9519957 0 P 0
L 3.3146457 1.5672441 3.3346457 1.5272441 0 P 0
L 3.3146457 1.5672441 3.3546457 1.5672441 0 P 0
L 3.3146457 1.9255118 3.3346457 1.8855118 0 P 0
L 3.3146457 1.9255118 3.3546457 1.9255118 0 P 0
L 3.3146457 2.1532283 3.3146457 2.1932283 0 P 0
L 3.3146457 2.1532283 3.3546457 2.1532283 0 P 0
L 3.3146457 2.1932283 3.3546457 2.1932283 0 P 0
L 3.3166142 1.3290551 3.3366142 1.2890551 0 P 0
L 3.3166142 1.3290551 3.3566142 1.3290551 0 P 0
L 3.3267717 1.4445669 3.3467717 1.4845669 0 P 0
L 3.3270866 1.0233071 3.3270866 1.0633071 0 P 0
L 3.3270866 1.0823622 3.3270866 1.1223622 0 P 0
L 3.3270866 1.1414173 3.3270866 1.1814173 0 P 0
L 3.3343307 1.5908661 3.3543307 1.5508661 0 P 0
L 3.3343307 1.5908661 3.3743307 1.5908661 0 P 0
L 3.3343307 1.7719685 3.3543307 1.7319685 0 P 0
L 3.3343307 1.7719685 3.3743307 1.7719685 0 P 0
L 3.3346457 1.5272441 3.3546457 1.5672441 0 P 0
L 3.3346457 1.8855118 3.3546457 1.9255118 0 P 0
L 3.3366142 1.2890551 3.3566142 1.3290551 0 P 0
L 3.3461417 0.983937 3.3461417 1.023937 0 P 0
L 3.3461417 0.983937 3.3861417 0.983937 0 P 0
L 3.3461417 1.023937 3.3861417 1.023937 0 P 0
L 3.3461417 1.0626772 3.3461417 1.1026772 0 P 0
L 3.3461417 1.0626772 3.3861417 1.0626772 0 P 0
L 3.3461417 1.1026772 3.3861417 1.1026772 0 P 0
L 3.3500787 2.6499213 3.3700787 2.6099213 0 P 0
L 3.3500787 2.6499213 3.3900787 2.6499213 0 P 0
L 3.3543307 1.5508661 3.3743307 1.5908661 0 P 0
L 3.3543307 1.7319685 3.3743307 1.7719685 0 P 0
L 3.3546457 2.1532283 3.3546457 2.1932283 0 P 0
L 3.3579528 1.5633071 3.3779528 1.5233071 0 P 0
L 3.3579528 1.5633071 3.3979528 1.5633071 0 P 0
L 3.3579528 1.6932283 3.3779528 1.6532283 0 P 0
L 3.3579528 1.6932283 3.3979528 1.6932283 0 P 0
L 3.3579528 2.039685 3.3779528 1.999685 0 P 0
L 3.3579528 2.039685 3.3979528 2.039685 0 P 0
L 3.3658268 2.1262992 3.3858268 2.0862992 0 P 0
L 3.3658268 2.1262992 3.4058268 2.1262992 0 P 0
L 3.3700787 2.6099213 3.3900787 2.6499213 0 P 0
L 3.3756693 1.6046457 3.3956693 1.5646457 0 P 0
L 3.3756693 1.6046457 3.4156693 1.6046457 0 P 0
L 3.3756693 1.762126 3.3956693 1.722126 0 P 0
L 3.3756693 1.762126 3.4156693 1.762126 0 P 0
L 3.3776377 2.590866 3.3976377 2.550866 0 P 0
L 3.3776377 2.590866 3.4176377 2.590866 0 P 0
L 3.3779528 1.5233071 3.3979528 1.5633071 0 P 0
L 3.3779528 1.6532283 3.3979528 1.6932283 0 P 0
L 3.3779528 1.999685 3.3979528 2.039685 0 P 0
L 3.3815748 2.031811 3.4015748 1.991811 0 P 0
L 3.3815748 2.031811 3.4215748 2.031811 0 P 0
L 3.3815748 2.8625197 3.4015748 2.8225197 0 P 0
L 3.3815748 2.8625197 3.4215748 2.8625197 0 P 0
L 3.3855118 2.0613386 3.4055118 2.0213386 0 P 0
L 3.3855118 2.0613386 3.4255118 2.0613386 0 P 0
L 3.3858268 2.0862992 3.4058268 2.1262992 0 P 0
L 3.3861417 0.983937 3.3861417 1.023937 0 P 0
L 3.3861417 1.0626772 3.3861417 1.1026772 0 P 0
L 3.3933858 1.8349606 3.4133858 1.7949606 0 P 0
L 3.3933858 1.8349606 3.4333858 1.8349606 0 P 0
L 3.3953543 2.1361417 3.4153543 2.0961417 0 P 0
L 3.3953543 2.1361417 3.4353543 2.1361417 0 P 0
L 3.3956693 1.5646457 3.4156693 1.6046457 0 P 0
L 3.3956693 1.722126 3.4156693 1.762126 0 P 0
L 3.3976377 2.550866 3.4176377 2.590866 0 P 0
L 3.4015748 1.991811 3.4215748 2.031811 0 P 0
L 3.4015748 2.8225197 3.4215748 2.8625197 0 P 0
L 3.4051969 1.0233071 3.4051969 1.0633071 0 P 0
L 3.4051969 1.0233071 3.4451969 1.0233071 0 P 0
L 3.4051969 1.0633071 3.4451969 1.0633071 0 P 0
L 3.4051969 1.2004724 3.4051969 1.2404724 0 P 0
L 3.4051969 1.2004724 3.4451969 1.2004724 0 P 0
L 3.4051969 1.2404724 3.4451969 1.2404724 0 P 0
L 3.4051969 2.5784252 3.4051969 2.6184252 0 P 0
L 3.4051969 2.5784252 3.4451969 2.5784252 0 P 0
L 3.4051969 2.6177953 3.4051969 2.6577953 0 P 0
L 3.4051969 2.6177953 3.4451969 2.6177953 0 P 0
L 3.4051969 2.6184252 3.4451969 2.6184252 0 P 0
L 3.4051969 2.6571654 3.4051969 2.6971654 0 P 0
L 3.4051969 2.6571654 3.4451969 2.6571654 0 P 0
L 3.4051969 2.6577953 3.4451969 2.6577953 0 P 0
L 3.4051969 2.6971654 3.4451969 2.6971654 0 P 0
L 3.4051969 2.8540157 3.4051969 2.8940157 0 P 0
L 3.4051969 2.8540157 3.4451969 2.8540157 0 P 0
L 3.4051969 2.8940157 3.4451969 2.8940157 0 P 0
L 3.4055118 2.0213386 3.4255118 2.0613386 0 P 0
L 3.4133858 1.7949606 3.4333858 1.8349606 0 P 0
L 3.4150394 2.1558268 3.4350394 2.1158268 0 P 0
L 3.4150394 2.1558268 3.4550394 2.1558268 0 P 0
L 3.4153543 2.0961417 3.4353543 2.1361417 0 P 0
L 3.4248819 2.3969685 3.4448819 2.3569685 0 P 0
L 3.4248819 2.3969685 3.4648819 2.3969685 0 P 0
L 3.4350394 2.1158268 3.4550394 2.1558268 0 P 0
L 3.4406299 1.8388976 3.4606299 1.7988976 0 P 0
L 3.4406299 1.8388976 3.4806299 1.8388976 0 P 0
L 3.4448819 2.3569685 3.4648819 2.3969685 0 P 0
L 3.4451969 1.0233071 3.4451969 1.0633071 0 P 0
L 3.4451969 1.2004724 3.4451969 1.2404724 0 P 0
L 3.4451969 2.5784252 3.4451969 2.6184252 0 P 0
L 3.4451969 2.6177953 3.4451969 2.6577953 0 P 0
L 3.4451969 2.6571654 3.4451969 2.6971654 0 P 0
L 3.4451969 2.8540157 3.4451969 2.8940157 0 P 0
L 3.4606299 1.7988976 3.4806299 1.8388976 0 P 0
L 3.464252 1.003622 3.464252 1.043622 0 P 0
L 3.464252 1.003622 3.504252 1.003622 0 P 0
L 3.464252 1.043622 3.504252 1.043622 0 P 0
L 3.464252 1.0626772 3.464252 1.1026772 0 P 0
L 3.464252 1.0626772 3.504252 1.0626772 0 P 0
L 3.464252 1.1026772 3.504252 1.1026772 0 P 0
L 3.464252 1.2004724 3.464252 1.2404724 0 P 0
L 3.464252 1.2004724 3.504252 1.2004724 0 P 0
L 3.464252 1.2404724 3.504252 1.2404724 0 P 0
L 3.4780315 2.52 3.4980315 2.48 0 P 0
L 3.4780315 2.52 3.5180315 2.52 0 P 0
L 3.483937 0.8067717 3.483937 0.8467717 0 P 0
L 3.483937 0.8067717 3.523937 0.8067717 0 P 0
L 3.483937 0.8467717 3.523937 0.8467717 0 P 0
L 3.491811 2.6099213 3.491811 2.6499213 0 P 0
L 3.491811 2.6099213 3.531811 2.6099213 0 P 0
L 3.491811 2.6499213 3.531811 2.6499213 0 P 0
L 3.493 1.844 3.513 1.804 0 P 0
L 3.493 1.844 3.533 1.844 0 P 0
L 3.4980315 2.48 3.5180315 2.52 0 P 0
L 3.504252 1.003622 3.504252 1.043622 0 P 0
L 3.504252 1.0626772 3.504252 1.1026772 0 P 0
L 3.504252 1.2004724 3.504252 1.2404724 0 P 0
L 3.513 1.804 3.533 1.844 0 P 0
L 3.5233071 1.0823622 3.5233071 1.1223622 0 P 0
L 3.5233071 1.0823622 3.5633071 1.0823622 0 P 0
L 3.5233071 1.1223622 3.5633071 1.1223622 0 P 0
L 3.5233071 1.1414173 3.5233071 1.1814173 0 P 0
L 3.5233071 1.1414173 3.5633071 1.1414173 0 P 0
L 3.5233071 1.1814173 3.5633071 1.1814173 0 P 0
L 3.5233071 1.2004724 3.5233071 1.2404724 0 P 0
L 3.5233071 1.2004724 3.5633071 1.2004724 0 P 0
L 3.5233071 1.2404724 3.5633071 1.2404724 0 P 0
L 3.5233071 1.4274803 3.5433071 1.3874803 0 P 0
L 3.5233071 1.4274803 3.5633071 1.4274803 0 P 0
L 3.5233071 1.762126 3.5433071 1.722126 0 P 0
L 3.5233071 1.762126 3.5633071 1.762126 0 P 0
L 3.523937 0.8067717 3.523937 0.8467717 0 P 0
L 3.531811 2.6099213 3.531811 2.6499213 0 P 0
L 3.5433071 1.3874803 3.5633071 1.4274803 0 P 0
L 3.5433071 1.722126 3.5633071 1.762126 0 P 0
L 3.5606388 1.9215748 3.5806388 1.8815748 0 P 0
L 3.5606388 1.9215748 3.6006388 1.9215748 0 P 0
L 3.5633071 1.0823622 3.5633071 1.1223622 0 P 0
L 3.5633071 1.1414173 3.5633071 1.1814173 0 P 0
L 3.5633071 1.2004724 3.5633071 1.2404724 0 P 0
L 3.5806388 1.8815748 3.6006388 1.9215748 0 P 0
L 3.5823622 1.0233071 3.5923622 1.0433071 0 P 0
L 3.5823622 1.0233071 3.6023622 1.0333071 0 P 0
L 3.5823622 1.0633071 3.5923622 1.0433071 0 P 0
L 3.5823622 1.0633071 3.6023622 1.0533071 0 P 0
L 3.5862992 1.4806299 3.6062992 1.4406299 0 P 0
L 3.5862992 1.4806299 3.6262992 1.4806299 0 P 0
L 3.6020472 0.8067717 3.6020472 0.8467717 0 P 0
L 3.6020472 0.8067717 3.6420472 0.8067717 0 P 0
L 3.6020472 0.8467717 3.6420472 0.8467717 0 P 0
L 3.6020472 1.987874 3.6020472 2.027874 0 P 0
L 3.6020472 1.987874 3.6420472 1.987874 0 P 0
L 3.6020472 2.027874 3.6420472 2.027874 0 P 0
L 3.6020472 2.2240945 3.6020472 2.2640945 0 P 0
L 3.6020472 2.2240945 3.6420472 2.2240945 0 P 0
L 3.6020472 2.2640945 3.6420472 2.2640945 0 P 0
L 3.6020472 2.8540157 3.6020472 2.8940157 0 P 0
L 3.6020472 2.8540157 3.6420472 2.8540157 0 P 0
L 3.6020472 2.8940157 3.6420472 2.8940157 0 P 0
L 3.6023622 1.0333071 3.6223622 1.0233071 0 P 0
L 3.6023622 1.0533071 3.6223622 1.0633071 0 P 0
L 3.6059843 1.1532283 3.6159843 1.1732283 0 P 0
L 3.6059843 1.1532283 3.6259843 1.1632283 0 P 0
L 3.6059843 1.1932283 3.6159843 1.1732283 0 P 0
L 3.6059843 1.1932283 3.6259843 1.1832283 0 P 0
L 3.6059843 2.7398425 3.6059843 2.7798425 0 P 0
L 3.6059843 2.7398425 3.6459843 2.7398425 0 P 0
L 3.6059843 2.7798425 3.6459843 2.7798425 0 P 0
L 3.6062992 1.4406299 3.6262992 1.4806299 0 P 0
L 3.6082071 2.0829921 3.6282071 2.0429921 0 P 0
L 3.6082071 2.0829921 3.6482071 2.0829921 0 P 0
L 3.6099213 1.8743307 3.6299213 1.8343307 0 P 0
L 3.6099213 1.8743307 3.6499213 1.8743307 0 P 0
L 3.6099213 2.8146457 3.6099213 2.8546457 0 P 0
L 3.6099213 2.8146457 3.6499213 2.8146457 0 P 0
L 3.6099213 2.8546457 3.6499213 2.8546457 0 P 0
L 3.6123622 1.0433071 3.6223622 1.0233071 0 P 0
L 3.6123622 1.0433071 3.6223622 1.0633071 0 P 0
L 3.6217323 1.5751181 3.6417323 1.5351181 0 P 0
L 3.6217323 1.5751181 3.6617323 1.5751181 0 P 0
L 3.6217323 2.48 3.6217323 2.52 0 P 0
L 3.6217323 2.48 3.6617323 2.48 0 P 0
L 3.6217323 2.52 3.6617323 2.52 0 P 0
L 3.6259843 1.1632283 3.6459843 1.1532283 0 P 0
L 3.6259843 1.1832283 3.6459843 1.1932283 0 P 0
L 3.6282071 2.0429921 3.6482071 2.0829921 0 P 0
L 3.6299213 1.8343307 3.6499213 1.8743307 0 P 0
L 3.6335433 1.2562205 3.6535433 1.2162205 0 P 0
L 3.6335433 1.2562205 3.6735433 1.2562205 0 P 0
L 3.6359843 1.1732283 3.6459843 1.1532283 0 P 0
L 3.6359843 1.1732283 3.6459843 1.1932283 0 P 0
L 3.6371358 1.3746752 3.6571358 1.3346752 0 P 0
L 3.6371358 1.3746752 3.6771358 1.3746752 0 P 0
L 3.6374803 1.504252 3.6574803 1.464252 0 P 0
L 3.6374803 1.504252 3.6774803 1.504252 0 P 0
L 3.6374803 1.8585827 3.6574803 1.8185827 0 P 0
L 3.6374803 1.8585827 3.6774803 1.8585827 0 P 0
L 3.6417323 1.5351181 3.6617323 1.5751181 0 P 0
L 3.6420472 0.8067717 3.6420472 0.8467717 0 P 0
L 3.6420472 1.987874 3.6420472 2.027874 0 P 0
L 3.6420472 2.2240945 3.6420472 2.2640945 0 P 0
L 3.6420472 2.8540157 3.6420472 2.8940157 0 P 0
L 3.6459843 2.7398425 3.6459843 2.7798425 0 P 0
L 3.6499213 2.8146457 3.6499213 2.8546457 0 P 0
L 3.6535433 1.2162205 3.6735433 1.2562205 0 P 0
L 3.6571358 1.3346752 3.6771358 1.3746752 0 P 0
L 3.6574803 1.464252 3.6774803 1.504252 0 P 0
L 3.6574803 1.8185827 3.6774803 1.8585827 0 P 0
L 3.6611024 1.9786614 3.6811024 1.9386614 0 P 0
L 3.6611024 1.9786614 3.7011024 1.9786614 0 P 0
L 3.6611024 2.8422047 3.6611024 2.8822047 0 P 0
L 3.6611024 2.8422047 3.7011024 2.8422047 0 P 0
L 3.6611024 2.8822047 3.7011024 2.8822047 0 P 0
L 3.6617323 2.48 3.6617323 2.52 0 P 0
L 3.6650394 1.8625197 3.6850394 1.8225197 0 P 0
L 3.6650394 1.8625197 3.7050394 1.8625197 0 P 0
L 3.6807874 2.2634646 3.6807874 2.3034646 0 P 0
L 3.6807874 2.2634646 3.7207874 2.2634646 0 P 0
L 3.6807874 2.3034646 3.7207874 2.3034646 0 P 0
L 3.6807874 2.3894488 3.6807874 2.4294488 0 P 0
L 3.6807874 2.3894488 3.7207874 2.3894488 0 P 0
L 3.6807874 2.4294488 3.7207874 2.4294488 0 P 0
L 3.6811024 1.9386614 3.7011024 1.9786614 0 P 0
L 3.6847244 1.6538583 3.7047244 1.6138583 0 P 0
L 3.6847244 1.6538583 3.7247244 1.6538583 0 P 0
L 3.6850394 1.8225197 3.7050394 1.8625197 0 P 0
L 3.6886614 1.531811 3.7086614 1.491811 0 P 0
L 3.6886614 1.531811 3.7286614 1.531811 0 P 0
L 3.6958409 1.9773293 3.7158409 1.9373293 0 P 0
L 3.6958409 1.9773293 3.7358409 1.9773293 0 P 0
L 3.7011024 2.8422047 3.7011024 2.8822047 0 P 0
L 3.7047244 1.6138583 3.7247244 1.6538583 0 P 0
L 3.7083465 1.2562205 3.7283465 1.2162205 0 P 0
L 3.7083465 1.2562205 3.7483465 1.2562205 0 P 0
L 3.7086614 1.491811 3.7286614 1.531811 0 P 0
L 3.7158409 1.9373293 3.7358409 1.9773293 0 P 0
L 3.7201575 0.8067717 3.7201575 0.8467717 0 P 0
L 3.7201575 0.8067717 3.7601575 0.8067717 0 P 0
L 3.7201575 0.8467717 3.7601575 0.8467717 0 P 0
L 3.7201575 1.3185827 3.7201575 1.3585827 0 P 0
L 3.7201575 1.3185827 3.7601575 1.3185827 0 P 0
L 3.7201575 1.3585827 3.7601575 1.3585827 0 P 0
L 3.7207874 2.2634646 3.7207874 2.3034646 0 P 0
L 3.7207874 2.3894488 3.7207874 2.4294488 0 P 0
L 3.7283465 1.2162205 3.7483465 1.2562205 0 P 0
L 3.73 1.9786614 3.75 1.9386614 0 P 0
L 3.73 1.9786614 3.77 1.9786614 0 P 0
L 3.7359055 1.7562205 3.7559055 1.7162205 0 P 0
L 3.7359055 1.7562205 3.7759055 1.7562205 0 P 0
L 3.7477165 2.0633071 3.7677165 2.0233071 0 P 0
L 3.7477165 2.0633071 3.7877165 2.0633071 0 P 0
L 3.75 1.9386614 3.77 1.9786614 0 P 0
L 3.7555906 1.3585827 3.7755906 1.3185827 0 P 0
L 3.7555906 1.3585827 3.7955906 1.3585827 0 P 0
L 3.7559055 1.7162205 3.7759055 1.7562205 0 P 0
L 3.7595276 2.2240945 3.7595276 2.2640945 0 P 0
L 3.7595276 2.2240945 3.7995276 2.2240945 0 P 0
L 3.7595276 2.2640945 3.7995276 2.2640945 0 P 0
L 3.7601575 0.8067717 3.7601575 0.8467717 0 P 0
L 3.7601575 1.3185827 3.7601575 1.3585827 0 P 0
L 3.7677165 2.0233071 3.7877165 2.0633071 0 P 0
L 3.7755906 1.3185827 3.7955906 1.3585827 0 P 0
L 3.7792126 1.9885039 3.7992126 1.9485039 0 P 0
L 3.7792126 1.9885039 3.8192126 1.9885039 0 P 0
L 3.7854134 1.0216339 3.7954134 1.0416339 0 P 0
L 3.7854134 1.0216339 3.8054134 1.0316339 0 P 0
L 3.7854134 1.0616339 3.7954134 1.0416339 0 P 0
L 3.7854134 1.0616339 3.8054134 1.0516339 0 P 0
L 3.7890551 1.3684252 3.8090551 1.3284252 0 P 0
L 3.7890551 1.3684252 3.8290551 1.3684252 0 P 0
L 3.7992126 1.9485039 3.8192126 1.9885039 0 P 0
L 3.7995276 2.2240945 3.7995276 2.2640945 0 P 0
L 3.8028346 2.4648819 3.8228346 2.4248819 0 P 0
L 3.8028346 2.4648819 3.8428346 2.4648819 0 P 0
L 3.8054134 1.0316339 3.8254134 1.0216339 0 P 0
L 3.8054134 1.0516339 3.8254134 1.0616339 0 P 0
L 3.8067717 1.9924409 3.8267717 1.9524409 0 P 0
L 3.8067717 1.9924409 3.8467717 1.9924409 0 P 0
L 3.8087402 1.8605512 3.8287402 1.8205512 0 P 0
L 3.8087402 1.8605512 3.8487402 1.8605512 0 P 0
L 3.8090551 1.3284252 3.8290551 1.3684252 0 P 0
L 3.8146457 1.7719685 3.8346457 1.7319685 0 P 0
L 3.8146457 1.7719685 3.8546457 1.7719685 0 P 0
L 3.8154134 1.0416339 3.8254134 1.0216339 0 P 0
L 3.8154134 1.0416339 3.8254134 1.0616339 0 P 0
L 3.8185827 2.8422047 3.8185827 2.8822047 0 P 0
L 3.8185827 2.8422047 3.8585827 2.8422047 0 P 0
L 3.8185827 2.8822047 3.8585827 2.8822047 0 P 0
L 3.8225197 2.02 3.8425197 1.98 0 P 0
L 3.8225197 2.02 3.8625197 2.02 0 P 0
L 3.8228346 2.4248819 3.8428346 2.4648819 0 P 0
L 3.8267717 1.9524409 3.8467717 1.9924409 0 P 0
L 3.8287402 1.8205512 3.8487402 1.8605512 0 P 0
L 3.8346457 1.7319685 3.8546457 1.7719685 0 P 0
L 3.8382677 0.8067717 3.8382677 0.8467717 0 P 0
L 3.8382677 0.8067717 3.8782677 0.8067717 0 P 0
L 3.8382677 0.8467717 3.8782677 0.8467717 0 P 0
L 3.8382677 1.1611024 3.8382677 1.2011024 0 P 0
L 3.8382677 1.1611024 3.8782677 1.1611024 0 P 0
L 3.8382677 1.2004724 3.8382677 1.2404724 0 P 0
L 3.8382677 1.2004724 3.8782677 1.2004724 0 P 0
L 3.8382677 1.2011024 3.8782677 1.2011024 0 P 0
L 3.8382677 1.2404724 3.8782677 1.2404724 0 P 0
L 3.8425197 1.98 3.8625197 2.02 0 P 0
L 3.8579528 1.8546457 3.8779528 1.8146457 0 P 0
L 3.8579528 1.8546457 3.8979528 1.8546457 0 P 0
L 3.8585827 2.8422047 3.8585827 2.8822047 0 P 0
L 3.8618898 1.7719685 3.8818898 1.7319685 0 P 0
L 3.8618898 1.7719685 3.9018898 1.7719685 0 P 0
L 3.8776378 1.1611024 3.8776378 1.2011024 0 P 0
L 3.8776378 1.1611024 3.9176378 1.1611024 0 P 0
L 3.8776378 1.2004724 3.8776378 1.2404724 0 P 0
L 3.8776378 1.2004724 3.9176378 1.2004724 0 P 0
L 3.8776378 1.2011024 3.9176378 1.2011024 0 P 0
L 3.8776378 1.2404724 3.9176378 1.2404724 0 P 0
L 3.8776378 1.3585827 3.8976378 1.3185827 0 P 0
L 3.8776378 1.3585827 3.9176378 1.3585827 0 P 0
L 3.8776378 2.0272441 3.8776378 2.0672441 0 P 0
L 3.8776378 2.0272441 3.9176378 2.0272441 0 P 0
L 3.8776378 2.0672441 3.9176378 2.0672441 0 P 0
L 3.8779528 1.8146457 3.8979528 1.8546457 0 P 0
L 3.8782677 0.8067717 3.8782677 0.8467717 0 P 0
L 3.8782677 1.1611024 3.8782677 1.2011024 0 P 0
L 3.8782677 1.2004724 3.8782677 1.2404724 0 P 0
L 3.8818898 1.7319685 3.9018898 1.7719685 0 P 0
L 3.8973228 1.496378 3.9173228 1.456378 0 P 0
L 3.8973228 1.496378 3.9373228 1.496378 0 P 0
L 3.8973228 1.5751181 3.9173228 1.5351181 0 P 0
L 3.8973228 1.5751181 3.9373228 1.5751181 0 P 0
L 3.8973228 1.6538583 3.9173228 1.6138583 0 P 0
L 3.8973228 1.6538583 3.9373228 1.6538583 0 P 0
L 3.8976378 1.3185827 3.9176378 1.3585827 0 P 0
L 3.9051969 1.7680315 3.9251969 1.7280315 0 P 0
L 3.9051969 1.7680315 3.9451969 1.7680315 0 P 0
L 3.9051969 2.2122835 3.9051969 2.2522835 0 P 0
L 3.9051969 2.2122835 3.9451969 2.2122835 0 P 0
L 3.9051969 2.2522835 3.9451969 2.2522835 0 P 0
L 3.9091339 2.4051969 3.9091339 2.4451969 0 P 0
L 3.9091339 2.4051969 3.9491339 2.4051969 0 P 0
L 3.9091339 2.4451969 3.9491339 2.4451969 0 P 0
L 3.9173228 1.456378 3.9373228 1.496378 0 P 0
L 3.9173228 1.5351181 3.9373228 1.5751181 0 P 0
L 3.9173228 1.6138583 3.9373228 1.6538583 0 P 0
L 3.9176378 1.1611024 3.9176378 1.2011024 0 P 0
L 3.9176378 1.2004724 3.9176378 1.2404724 0 P 0
L 3.9176378 2.0272441 3.9176378 2.0672441 0 P 0
L 3.9209449 2.516063 3.9409449 2.476063 0 P 0
L 3.9209449 2.516063 3.9609449 2.516063 0 P 0
L 3.9249232 2.2590095 3.9249232 2.2990095 0 P 0
L 3.9249232 2.2590095 3.9649232 2.2590095 0 P 0
L 3.9249232 2.2990095 3.9649232 2.2990095 0 P 0
L 3.9251969 1.7280315 3.9451969 1.7680315 0 P 0
L 3.9409449 2.476063 3.9609449 2.516063 0 P 0
L 3.9451969 2.2122835 3.9451969 2.2522835 0 P 0
L 3.9491339 2.4051969 3.9491339 2.4451969 0 P 0
L 3.956378 0.8067717 3.956378 0.8467717 0 P 0
L 3.956378 0.8067717 3.996378 0.8067717 0 P 0
L 3.956378 0.8467717 3.996378 0.8467717 0 P 0
L 3.956378 1.8697638 3.956378 1.9097638 0 P 0
L 3.956378 1.8697638 3.996378 1.8697638 0 P 0
L 3.956378 1.9097638 3.996378 1.9097638 0 P 0
L 3.956378 2.3855118 3.956378 2.4255118 0 P 0
L 3.956378 2.3855118 3.996378 2.3855118 0 P 0
L 3.956378 2.4255118 3.996378 2.4255118 0 P 0
L 3.960315 2.5862992 3.960315 2.6262992 0 P 0
L 3.960315 2.5862992 4.000315 2.5862992 0 P 0
L 3.960315 2.6262992 4.000315 2.6262992 0 P 0
L 3.9649232 2.2590095 3.9649232 2.2990095 0 P 0
L 3.9654331 1.4738582 3.9754331 1.4738582 0 P 0
L 3.9654331 1.4738582 3.9754331 1.4838582 0 P 0
L 3.9654331 1.4938582 3.9754331 1.4838582 0 P 0
L 3.9654331 1.4938582 3.9754331 1.4938582 0 P 0
L 3.9654331 1.5738582 3.9754331 1.5738582 0 P 0
L 3.9654331 1.5738582 3.9754331 1.5838582 0 P 0
L 3.9654331 1.5938582 3.9754331 1.5838582 0 P 0
L 3.9654331 1.5938582 3.9754331 1.5938582 0 P 0
L 3.9654331 1.6738582 3.9754331 1.6738582 0 P 0
L 3.9654331 1.6738582 3.9754331 1.6838582 0 P 0
L 3.9654331 1.6938582 3.9754331 1.6838582 0 P 0
L 3.9654331 1.6938582 3.9754331 1.6938582 0 P 0
L 3.9654331 1.7738582 3.9754331 1.7738582 0 P 0
L 3.9654331 1.7738582 3.9754331 1.7838582 0 P 0
L 3.9654331 1.7938582 3.9754331 1.7838582 0 P 0
L 3.9654331 1.7938582 3.9754331 1.7938582 0 P 0
L 3.972126 2.5672441 3.992126 2.5272441 0 P 0
L 3.972126 2.5672441 4.012126 2.5672441 0 P 0
L 3.9754331 1.4738582 3.9854331 1.4638582 0 P 0
L 3.9754331 1.4938582 3.9854331 1.5038582 0 P 0
L 3.9754331 1.5738582 3.9854331 1.5638582 0 P 0
L 3.9754331 1.5938582 3.9854331 1.6038582 0 P 0
L 3.9754331 1.6738582 3.9854331 1.6638582 0 P 0
L 3.9754331 1.6938582 3.9854331 1.7038582 0 P 0
L 3.9754331 1.7738582 3.9854331 1.7638582 0 P 0
L 3.9754331 1.7938582 3.9854331 1.8038582 0 P 0
L 3.976063 2.8382677 3.976063 2.8782677 0 P 0
L 3.976063 2.8382677 4.016063 2.8382677 0 P 0
L 3.976063 2.8782677 4.016063 2.8782677 0 P 0
L 3.9854331 1.4638582 3.9954331 1.4738582 0 P 0
L 3.9854331 1.5038582 3.9954331 1.4938582 0 P 0
L 3.9854331 1.5638582 3.9954331 1.5738582 0 P 0
L 3.9854331 1.6038582 3.9954331 1.5938582 0 P 0
L 3.9854331 1.6638582 3.9954331 1.6738582 0 P 0
L 3.9854331 1.7038582 3.9954331 1.6938582 0 P 0
L 3.9854331 1.7638582 3.9954331 1.7738582 0 P 0
L 3.9854331 1.8038582 3.9954331 1.7938582 0 P 0
L 3.991811 1.9137008 4.011811 1.8737008 0 P 0
L 3.991811 1.9137008 4.031811 1.9137008 0 P 0
L 3.992126 2.5272441 4.012126 2.5672441 0 P 0
L 3.9954331 1.4738582 4.0054331 1.4738582 0 P 0
L 3.9954331 1.4838582 4.0054331 1.4738582 0 P 0
L 3.9954331 1.4838582 4.0054331 1.4938582 0 P 0
L 3.9954331 1.4938582 4.0054331 1.4938582 0 P 0
L 3.9954331 1.5738582 4.0054331 1.5738582 0 P 0
L 3.9954331 1.5838582 4.0054331 1.5738582 0 P 0
L 3.9954331 1.5838582 4.0054331 1.5938582 0 P 0
L 3.9954331 1.5938582 4.0054331 1.5938582 0 P 0
L 3.9954331 1.6738582 4.0054331 1.6738582 0 P 0
L 3.9954331 1.6838582 4.0054331 1.6738582 0 P 0
L 3.9954331 1.6838582 4.0054331 1.6938582 0 P 0
L 3.9954331 1.6938582 4.0054331 1.6938582 0 P 0
L 3.9954331 1.7738582 4.0054331 1.7738582 0 P 0
L 3.9954331 1.7838582 4.0054331 1.7738582 0 P 0
L 3.9954331 1.7838582 4.0054331 1.7938582 0 P 0
L 3.9954331 1.7938582 4.0054331 1.7938582 0 P 0
L 3.996378 0.8067717 3.996378 0.8467717 0 P 0
L 3.996378 1.8697638 3.996378 1.9097638 0 P 0
L 3.996378 2.3855118 3.996378 2.4255118 0 P 0
L 4.000315 2.5862992 4.000315 2.6262992 0 P 0
L 4.011811 1.8737008 4.031811 1.9137008 0 P 0
L 4.016063 2.8382677 4.016063 2.8782677 0 P 0
L 4.0351181 2.2240945 4.0351181 2.2640945 0 P 0
L 4.0351181 2.2240945 4.0751181 2.2240945 0 P 0
L 4.0351181 2.2640945 4.0751181 2.2640945 0 P 0
L 4.0356801 1.999753 4.0556801 1.959753 0 P 0
L 4.0356801 1.999753 4.0756801 1.999753 0 P 0
L 4.0429921 1.995748 4.0429921 2.035748 0 P 0
L 4.0429921 1.995748 4.0829921 1.995748 0 P 0
L 4.0429921 2.035748 4.0829921 2.035748 0 P 0
L 4.0508661 2.0829921 4.0708661 2.0429921 0 P 0
L 4.0508661 2.0829921 4.0908661 2.0829921 0 P 0
L 4.0556801 1.959753 4.0756801 1.999753 0 P 0
L 4.0654331 1.4738582 4.0754331 1.4738582 0 P 0
L 4.0654331 1.4738582 4.0754331 1.4838582 0 P 0
L 4.0654331 1.4938582 4.0754331 1.4838582 0 P 0
L 4.0654331 1.4938582 4.0754331 1.4938582 0 P 0
L 4.0654331 1.5738582 4.0754331 1.5738582 0 P 0
L 4.0654331 1.5738582 4.0754331 1.5838582 0 P 0
L 4.0654331 1.5938582 4.0754331 1.5838582 0 P 0
L 4.0654331 1.5938582 4.0754331 1.5938582 0 P 0
L 4.0654331 1.6738582 4.0754331 1.6738582 0 P 0
L 4.0654331 1.6738582 4.0754331 1.6838582 0 P 0
L 4.0654331 1.6938582 4.0754331 1.6838582 0 P 0
L 4.0654331 1.6938582 4.0754331 1.6938582 0 P 0
L 4.0654331 1.7738582 4.0754331 1.7738582 0 P 0
L 4.0654331 1.7738582 4.0754331 1.7838582 0 P 0
L 4.0654331 1.7938582 4.0754331 1.7838582 0 P 0
L 4.0654331 1.7938582 4.0754331 1.7938582 0 P 0
L 4.0705512 2.3459055 4.0805512 2.3459055 0 P 0
L 4.0705512 2.3459055 4.0805512 2.3559055 0 P 0
L 4.0705512 2.3659055 4.0805512 2.3559055 0 P 0
L 4.0705512 2.3659055 4.0805512 2.3659055 0 P 0
L 4.0705512 2.4459055 4.0805512 2.4459055 0 P 0
L 4.0705512 2.4459055 4.0805512 2.4559055 0 P 0
L 4.0705512 2.4659055 4.0805512 2.4559055 0 P 0
L 4.0705512 2.4659055 4.0805512 2.4659055 0 P 0
L 4.0705512 2.5459055 4.0805512 2.5459055 0 P 0
L 4.0705512 2.5459055 4.0805512 2.5559055 0 P 0
L 4.0705512 2.5659055 4.0805512 2.5559055 0 P 0
L 4.0705512 2.5659055 4.0805512 2.5659055 0 P 0
L 4.0705512 2.6459055 4.0805512 2.6459055 0 P 0
L 4.0705512 2.6459055 4.0805512 2.6559055 0 P 0
L 4.0705512 2.6659055 4.0805512 2.6559055 0 P 0
L 4.0705512 2.6659055 4.0805512 2.6659055 0 P 0
L 4.0705512 2.7459055 4.0805512 2.7459055 0 P 0
L 4.0705512 2.7459055 4.0805512 2.7559055 0 P 0
L 4.0705512 2.7659055 4.0805512 2.7559055 0 P 0
L 4.0705512 2.7659055 4.0805512 2.7659055 0 P 0
L 4.0705512 2.8459055 4.0805512 2.8459055 0 P 0
L 4.0705512 2.8459055 4.0805512 2.8559055 0 P 0
L 4.0705512 2.8659055 4.0805512 2.8559055 0 P 0
L 4.0705512 2.8659055 4.0805512 2.8659055 0 P 0
L 4.0708661 2.0429921 4.0908661 2.0829921 0 P 0
L 4.0725197 1.218189 4.0725197 1.258189 0 P 0
L 4.0725197 1.218189 4.1125197 1.218189 0 P 0
L 4.0725197 1.258189 4.1125197 1.258189 0 P 0
L 4.0744882 0.8067717 4.0744882 0.8467717 0 P 0
L 4.0744882 0.8067717 4.1144882 0.8067717 0 P 0
L 4.0744882 0.8467717 4.1144882 0.8467717 0 P 0
L 4.0744882 2.2674016 4.0744882 2.3074016 0 P 0
L 4.0744882 2.2674016 4.1144882 2.2674016 0 P 0
L 4.0744882 2.3074016 4.1144882 2.3074016 0 P 0
L 4.0751181 2.2240945 4.0751181 2.2640945 0 P 0
L 4.0754331 1.4738582 4.0854331 1.4638582 0 P 0
L 4.0754331 1.4938582 4.0854331 1.5038582 0 P 0
L 4.0754331 1.5738582 4.0854331 1.5638582 0 P 0
L 4.0754331 1.5938582 4.0854331 1.6038582 0 P 0
L 4.0754331 1.6738582 4.0854331 1.6638582 0 P 0
L 4.0754331 1.6938582 4.0854331 1.7038582 0 P 0
L 4.0754331 1.7738582 4.0854331 1.7638582 0 P 0
L 4.0754331 1.7938582 4.0854331 1.8038582 0 P 0
L 4.0805512 2.3459055 4.0905512 2.3359055 0 P 0
L 4.0805512 2.3659055 4.0905512 2.3759055 0 P 0
L 4.0805512 2.4459055 4.0905512 2.4359055 0 P 0
L 4.0805512 2.4659055 4.0905512 2.4759055 0 P 0
L 4.0805512 2.5459055 4.0905512 2.5359055 0 P 0
L 4.0805512 2.5659055 4.0905512 2.5759055 0 P 0
L 4.0805512 2.6459055 4.0905512 2.6359055 0 P 0
L 4.0805512 2.6659055 4.0905512 2.6759055 0 P 0
L 4.0805512 2.7459055 4.0905512 2.7359055 0 P 0
L 4.0805512 2.7659055 4.0905512 2.7759055 0 P 0
L 4.0805512 2.8459055 4.0905512 2.8359055 0 P 0
L 4.0805512 2.8659055 4.0905512 2.8759055 0 P 0
L 4.0829921 1.995748 4.0829921 2.035748 0 P 0
L 4.0843307 1.0829921 4.1043307 1.0429921 0 P 0
L 4.0843307 1.0829921 4.1243307 1.0829921 0 P 0
L 4.0843307 1.1715748 4.1043307 1.1315748 0 P 0
L 4.0843307 1.1715748 4.1243307 1.1715748 0 P 0
L 4.0843307 1.4274803 4.1043307 1.3874803 0 P 0
L 4.0843307 1.4274803 4.1243307 1.4274803 0 P 0
L 4.0854331 1.4638582 4.0954331 1.4738582 0 P 0
L 4.0854331 1.5038582 4.0954331 1.4938582 0 P 0
L 4.0854331 1.5638582 4.0954331 1.5738582 0 P 0
L 4.0854331 1.6038582 4.0954331 1.5938582 0 P 0
L 4.0854331 1.6638582 4.0954331 1.6738582 0 P 0
L 4.0854331 1.7038582 4.0954331 1.6938582 0 P 0
L 4.0854331 1.7638582 4.0954331 1.7738582 0 P 0
L 4.0854331 1.8038582 4.0954331 1.7938582 0 P 0
L 4.0905512 2.3359055 4.1005512 2.3459055 0 P 0
L 4.0905512 2.3759055 4.1005512 2.3659055 0 P 0
L 4.0905512 2.4359055 4.1005512 2.4459055 0 P 0
L 4.0905512 2.4759055 4.1005512 2.4659055 0 P 0
L 4.0905512 2.5359055 4.1005512 2.5459055 0 P 0
L 4.0905512 2.5759055 4.1005512 2.5659055 0 P 0
L 4.0905512 2.6359055 4.1005512 2.6459055 0 P 0
L 4.0905512 2.6759055 4.1005512 2.6659055 0 P 0
L 4.0905512 2.7359055 4.1005512 2.7459055 0 P 0
L 4.0905512 2.7759055 4.1005512 2.7659055 0 P 0
L 4.0905512 2.8359055 4.1005512 2.8459055 0 P 0
L 4.0905512 2.8759055 4.1005512 2.8659055 0 P 0
L 4.0941732 1.8782677 4.1141732 1.8382677 0 P 0
L 4.0941732 1.8782677 4.1341732 1.8782677 0 P 0
L 4.0954331 1.4738582 4.1054331 1.4738582 0 P 0
L 4.0954331 1.4838582 4.1054331 1.4738582 0 P 0
L 4.0954331 1.4838582 4.1054331 1.4938582 0 P 0
L 4.0954331 1.4938582 4.1054331 1.4938582 0 P 0
L 4.0954331 1.5738582 4.1054331 1.5738582 0 P 0
L 4.0954331 1.5838582 4.1054331 1.5738582 0 P 0
L 4.0954331 1.5838582 4.1054331 1.5938582 0 P 0
L 4.0954331 1.5938582 4.1054331 1.5938582 0 P 0
L 4.0954331 1.6738582 4.1054331 1.6738582 0 P 0
L 4.0954331 1.6838582 4.1054331 1.6738582 0 P 0
L 4.0954331 1.6838582 4.1054331 1.6938582 0 P 0
L 4.0954331 1.6938582 4.1054331 1.6938582 0 P 0
L 4.0954331 1.7738582 4.1054331 1.7738582 0 P 0
L 4.0954331 1.7838582 4.1054331 1.7738582 0 P 0
L 4.0954331 1.7838582 4.1054331 1.7938582 0 P 0
L 4.0954331 1.7938582 4.1054331 1.7938582 0 P 0
L 4.1005512 2.3459055 4.1105512 2.3459055 0 P 0
L 4.1005512 2.3559055 4.1105512 2.3459055 0 P 0
L 4.1005512 2.3559055 4.1105512 2.3659055 0 P 0
L 4.1005512 2.3659055 4.1105512 2.3659055 0 P 0
L 4.1005512 2.4459055 4.1105512 2.4459055 0 P 0
L 4.1005512 2.4559055 4.1105512 2.4459055 0 P 0
L 4.1005512 2.4559055 4.1105512 2.4659055 0 P 0
L 4.1005512 2.4659055 4.1105512 2.4659055 0 P 0
L 4.1005512 2.5459055 4.1105512 2.5459055 0 P 0
L 4.1005512 2.5559055 4.1105512 2.5459055 0 P 0
L 4.1005512 2.5559055 4.1105512 2.5659055 0 P 0
L 4.1005512 2.5659055 4.1105512 2.5659055 0 P 0
L 4.1005512 2.6459055 4.1105512 2.6459055 0 P 0
L 4.1005512 2.6559055 4.1105512 2.6459055 0 P 0
L 4.1005512 2.6559055 4.1105512 2.6659055 0 P 0
L 4.1005512 2.6659055 4.1105512 2.6659055 0 P 0
L 4.1005512 2.7459055 4.1105512 2.7459055 0 P 0
L 4.1005512 2.7559055 4.1105512 2.7459055 0 P 0
L 4.1005512 2.7559055 4.1105512 2.7659055 0 P 0
L 4.1005512 2.7659055 4.1105512 2.7659055 0 P 0
L 4.1005512 2.8459055 4.1105512 2.8459055 0 P 0
L 4.1005512 2.8559055 4.1105512 2.8459055 0 P 0
L 4.1005512 2.8559055 4.1105512 2.8659055 0 P 0
L 4.1005512 2.8659055 4.1105512 2.8659055 0 P 0
L 4.1043307 1.0429921 4.1243307 1.0829921 0 P 0
L 4.1043307 1.1315748 4.1243307 1.1715748 0 P 0
L 4.1043307 1.3874803 4.1243307 1.4274803 0 P 0
L 4.1125197 1.218189 4.1125197 1.258189 0 P 0
L 4.1141732 1.8382677 4.1341732 1.8782677 0 P 0
L 4.1144882 0.8067717 4.1144882 0.8467717 0 P 0
L 4.1144882 2.2674016 4.1144882 2.3074016 0 P 0
