#Layer_Color=32768
#
#Feature symbol names
#
$0 r3.937
$1 r1.9685
$2 r7.874

#
#Feature attribute names
#

#
#Layer features
#
L 0.5196851 0.9377953 0.5196851 2.7629921 0 P 0
L 0.5196851 0.9377953 0.8976378 0.9377953 0 P 0
L 0.5196851 2.7629921 0.8976378 2.7629921 0 P 0
L 0.8976378 0.9377953 0.8976378 2.7629921 0 P 0
L 1.0342521 0.9437009 1.0342521 1.0854331 1 P 0
L 1.0342521 0.9437009 1.1602363 0.9437009 1 P 0
L 1.0342521 1.0854331 1.1602363 1.0854331 1 P 0
L 1.0342521 1.0972441 1.0342521 1.2389763 1 P 0
L 1.0342521 1.0972441 1.1602363 1.0972441 1 P 0
L 1.0342521 1.2389763 1.1602363 1.2389763 1 P 0
L 1.0342521 1.2507875 1.0342521 1.3925197 1 P 0
L 1.0342521 1.2507875 1.1602363 1.2507875 1 P 0
L 1.0342521 1.3925197 1.1602363 1.3925197 1 P 0
L 1.0342521 1.4003938 1.0342521 1.542126 1 P 0
L 1.0342521 1.4003938 1.1602363 1.4003938 1 P 0
L 1.0342521 1.542126 1.1602363 1.542126 1 P 0
L 1.0342521 1.5539371 1.0342521 1.6956693 1 P 0
L 1.0342521 1.5539371 1.1602363 1.5539371 1 P 0
L 1.0342521 1.6956693 1.1602363 1.6956693 1 P 0
L 1.0342521 1.7074804 1.0342521 1.8492126 1 P 0
L 1.0342521 1.7074804 1.1602363 1.7074804 1 P 0
L 1.0342521 1.8492126 1.1602363 1.8492126 1 P 0
L 1.0342521 1.8610237 1.0342521 2.0027559 1 P 0
L 1.0342521 1.8610237 1.1602363 1.8610237 1 P 0
L 1.0342521 2.0027559 1.1602363 2.0027559 1 P 0
L 1.0342521 2.014567 1.0342521 2.1562992 1 P 0
L 1.0342521 2.014567 1.1602363 2.014567 1 P 0
L 1.0342521 2.1562992 1.1602363 2.1562992 1 P 0
L 1.0342521 2.1681103 1.0342521 2.3098425 1 P 0
L 1.0342521 2.1681103 1.1602363 2.1681103 1 P 0
L 1.0342521 2.3098425 1.1602363 2.3098425 1 P 0
L 1.0342521 2.3177166 1.0342521 2.4594488 1 P 0
L 1.0342521 2.3177166 1.1602363 2.3177166 1 P 0
L 1.0342521 2.4594488 1.1602363 2.4594488 1 P 0
L 1.0342521 2.4712599 1.0342521 2.6129921 1 P 0
L 1.0342521 2.4712599 1.1602363 2.4712599 1 P 0
L 1.0342521 2.6129921 1.1602363 2.6129921 1 P 0
L 1.0342521 2.6248032 1.0342521 2.7665354 1 P 0
L 1.0342521 2.6248032 1.1602363 2.6248032 1 P 0
L 1.0342521 2.7665354 1.1602363 2.7665354 1 P 0
L 1.0775592 1.014567 1.1169292 1.014567 2 P 0
L 1.0775592 1.1681102 1.1169292 1.1681102 2 P 0
L 1.0775592 1.3216536 1.1169292 1.3216536 2 P 0
L 1.0775592 1.4712599 1.1169292 1.4712599 2 P 0
L 1.0775592 1.6248032 1.1169292 1.6248032 2 P 0
L 1.0775592 1.7783465 1.1169292 1.7783465 2 P 0
L 1.0775592 1.9318898 1.1169292 1.9318898 2 P 0
L 1.0775592 2.0854331 1.1169292 2.0854331 2 P 0
L 1.0775592 2.2389764 1.1169292 2.2389764 2 P 0
L 1.0775592 2.3885827 1.1169292 2.3885827 2 P 0
L 1.0775592 2.542126 1.1169292 2.542126 2 P 0
L 1.0775592 2.6956693 1.1169292 2.6956693 2 P 0
L 1.0972442 0.994882 1.0972442 1.034252 2 P 0
L 1.0972442 1.1484252 1.0972442 1.1877952 2 P 0
L 1.0972442 1.3019686 1.0972442 1.3413386 2 P 0
L 1.0972442 1.4515749 1.0972442 1.4909449 2 P 0
L 1.0972442 1.6051182 1.0972442 1.6444882 2 P 0
L 1.0972442 1.7586615 1.0972442 1.7980315 2 P 0
L 1.0972442 1.9122048 1.0972442 1.9515748 2 P 0
L 1.0972442 2.0657481 1.0972442 2.1051181 2 P 0
L 1.0972442 2.2192914 1.0972442 2.2586614 2 P 0
L 1.0972442 2.3688977 1.0972442 2.4082677 2 P 0
L 1.0972442 2.522441 1.0972442 2.561811 2 P 0
L 1.0972442 2.6759843 1.0972442 2.7153543 2 P 0
L 1.1602363 0.9437009 1.1602363 1.0854331 1 P 0
L 1.1602363 1.0972441 1.1602363 1.2389763 1 P 0
L 1.1602363 1.2507875 1.1602363 1.3925197 1 P 0
L 1.1602363 1.4003938 1.1602363 1.542126 1 P 0
L 1.1602363 1.5539371 1.1602363 1.6956693 1 P 0
L 1.1602363 1.7074804 1.1602363 1.8492126 1 P 0
L 1.1602363 1.8610237 1.1602363 2.0027559 1 P 0
L 1.1602363 2.014567 1.1602363 2.1562992 1 P 0
L 1.1602363 2.1681103 1.1602363 2.3098425 1 P 0
L 1.1602363 2.3177166 1.1602363 2.4594488 1 P 0
L 1.1602363 2.4712599 1.1602363 2.6129921 1 P 0
L 1.1602363 2.6248032 1.1602363 2.7665354 1 P 0
L 1.2980316 0.9555118 1.2980316 1.3098426 1 P 0
L 1.2980316 0.9555118 1.6681104 0.9555118 1 P 0
L 1.2980316 1.3098426 1.6681104 1.3098426 1 P 0
L 1.2980316 1.4279527 1.2980316 1.7822835 1 P 0
L 1.2980316 1.4279527 1.6681104 1.4279527 1 P 0
L 1.2980316 1.7822835 1.6681104 1.7822835 1 P 0
L 1.2980316 1.9200787 1.2980316 2.2744095 1 P 0
L 1.2980316 1.9200787 1.6681104 1.9200787 1 P 0
L 1.2980316 2.2744095 1.6681104 2.2744095 1 P 0
L 1.2980316 2.4606299 1.2980316 2.8149607 1 P 0
L 1.2980316 2.4606299 1.6681104 2.4606299 1 P 0
L 1.2980316 2.8149607 1.6681104 2.8149607 1 P 0
L 1.5334646 1.3129921 1.5334646 1.3720472 1 P 0
L 1.5334646 1.3129921 1.6397638 1.3129921 1 P 0
L 1.5334646 1.3720472 1.6397638 1.3720472 1 P 0
L 1.5413386 1.7913385 1.5413386 1.8503936 1 P 0
L 1.5413386 1.7913385 1.6476378 1.7913385 1 P 0
L 1.5413386 1.8503936 1.6476378 1.8503936 1 P 0
L 1.5413386 2.2834645 1.5413386 2.3425196 1 P 0
L 1.5413386 2.2834645 1.6476378 2.2834645 1 P 0
L 1.5413386 2.3425196 1.6476378 2.3425196 1 P 0
L 1.5679134 1.3425197 1.605315 1.3425197 0 P 0
L 1.5757874 1.8208661 1.613189 1.8208661 0 P 0
L 1.5757874 2.3129921 1.613189 2.3129921 0 P 0
L 1.5866142 1.3238189 1.5866142 1.3612204 0 P 0
L 1.5944882 1.8021653 1.5944882 1.8395668 0 P 0
L 1.5944882 2.2942913 1.5944882 2.3316928 0 P 0
L 1.6397638 1.3129921 1.6397638 1.3720472 1 P 0
L 1.6476378 1.7913385 1.6476378 1.8503936 1 P 0
L 1.6476378 2.2834645 1.6476378 2.3425196 1 P 0
L 1.6681104 0.9555118 1.6681104 1.3098426 1 P 0
L 1.6681104 1.4279527 1.6681104 1.7822835 1 P 0
L 1.6681104 1.9200787 1.6681104 2.2744095 1 P 0
L 1.6681104 2.4606299 1.6681104 2.8149607 1 P 0
L 1.6929134 2.6929134 1.6929134 2.7992126 1 P 0
L 1.6929134 2.6929134 1.7519685 2.6929134 1 P 0
L 1.6929134 2.7992126 1.7519685 2.7992126 1 P 0
L 1.7037402 2.746063 1.7411417 2.746063 0 P 0
L 1.7224409 2.7273622 1.7224409 2.7647638 0 P 0
L 1.7519685 2.6929134 1.7519685 2.7992126 1 P 0
L 1.8051181 2.5433072 1.8051181 2.6929134 1 P 0
L 1.8051181 2.5433072 1.9940945 2.5433072 1 P 0
L 1.8051181 2.6929134 1.9940945 2.6929134 1 P 0
L 1.8112451 2.0974407 1.8899853 2.0974407 0 P 0
L 1.8464566 2.4704725 1.8464566 2.5295276 1 P 0
L 1.8464566 2.4704725 1.9527559 2.4704725 1 P 0
L 1.8464566 2.5295276 1.9527559 2.5295276 1 P 0
L 1.8464567 2.7066929 1.8464567 2.765748 1 P 0
L 1.8464567 2.7066929 1.9527559 2.7066929 1 P 0
L 1.8464567 2.765748 1.9527559 2.765748 1 P 0
L 1.8506152 2.0580706 1.8506152 2.1368108 0 P 0
L 1.8779527 1.8700787 1.9566929 1.8700787 0 P 0
L 1.8799212 2.6181103 1.9192913 2.6181103 0 P 0
L 1.8809055 2.5 1.918307 2.5 0 P 0
L 1.8809055 2.7362205 1.9183071 2.7362205 0 P 0
L 1.8996063 2.4812992 1.8996063 2.5187008 0 P 0
L 1.8996063 2.5984253 1.8996063 2.6377953 0 P 0
L 1.8996063 2.7175197 1.8996063 2.7549212 0 P 0
L 1.9173228 1.8307086 1.9173228 1.9094488 0 P 0
L 1.9192913 0.8326771 1.9192913 0.9389764 1 P 0
L 1.9192913 0.8326771 1.9783464 0.8326771 1 P 0
L 1.9192913 0.9389764 1.9783464 0.9389764 1 P 0
L 1.9192913 2.0649606 1.9192913 2.1240157 1 P 0
L 1.9192913 2.0649606 2.0255906 2.0649606 1 P 0
L 1.9192913 2.1240157 2.0255906 2.1240157 1 P 0
L 1.9301181 0.8858268 1.9675197 0.8858268 0 P 0
L 1.9488189 0.867126 1.9488189 0.9045275 0 P 0
L 1.9527559 2.4704725 1.9527559 2.5295276 1 P 0
L 1.9527559 2.7066929 1.9527559 2.765748 1 P 0
L 1.9537402 2.0944882 1.9911417 2.0944882 0 P 0
L 1.9547243 1.7913386 1.9547243 1.8503937 1 P 0
L 1.9547243 1.7913386 2.0610236 1.7913386 1 P 0
L 1.9547243 1.8503937 2.0610236 1.8503937 1 P 0
L 1.9724409 2.0757874 1.9724409 2.113189 0 P 0
L 1.9783464 0.8326771 1.9783464 0.9389764 1 P 0
L 1.9891732 1.8208661 2.0265747 1.8208661 0 P 0
L 1.9940945 2.5433072 1.9940945 2.6929134 1 P 0
L 2.0068898 0.8307088 2.0068898 1.0472442 1 P 0
L 2.0068898 0.8307088 2.3001968 0.8307088 1 P 0
L 2.0068898 1.0472442 2.3001968 1.0472442 1 P 0
L 2.007874 1.8021653 2.007874 1.8395669 0 P 0
L 2.0255906 2.0649606 2.0255906 2.1240157 1 P 0
L 2.0472441 2.6791339 2.0472441 2.8740158 1 P 0
L 2.0472441 2.6791339 2.4803149 2.6791339 1 P 0
L 2.0472441 2.8740158 2.4803149 2.8740158 1 P 0
L 2.0610236 1.7913386 2.0610236 1.8503937 1 P 0
L 2.0767716 2.555118 2.0767716 2.6614173 1 P 0
L 2.0767716 2.555118 2.1358267 2.555118 1 P 0
L 2.0767716 2.6614173 2.1358267 2.6614173 1 P 0
L 2.0875984 2.6082677 2.125 2.6082677 0 P 0
L 2.0925196 1.8523623 2.0925196 1.9114174 1 P 0
L 2.0925196 1.8523623 2.1988189 1.8523623 1 P 0
L 2.0925196 1.9114174 2.1988189 1.9114174 1 P 0
L 2.0925197 1.6240157 2.0925197 1.6830708 1 P 0
L 2.0925197 1.6240157 2.1988189 1.6240157 1 P 0
L 2.0925197 1.6830708 2.1988189 1.6830708 1 P 0
L 2.0925197 1.6929133 2.0925197 1.7519684 1 P 0
L 2.0925197 1.6929133 2.1988189 1.6929133 1 P 0
L 2.0925197 1.7519684 2.1988189 1.7519684 1 P 0
L 2.0925197 1.78937 2.0925197 1.8484251 1 P 0
L 2.0925197 1.78937 2.1988189 1.78937 1 P 0
L 2.0925197 1.8484251 2.1988189 1.8484251 1 P 0
L 2.0925197 1.9783464 2.0925197 2.0374015 1 P 0
L 2.0925197 1.9783464 2.1988189 1.9783464 1 P 0
L 2.0925197 2.0374015 2.1988189 2.0374015 1 P 0
L 2.0925197 2.1062992 2.0925197 2.1653543 1 P 0
L 2.0925197 2.1062992 2.1988189 2.1062992 1 P 0
L 2.0925197 2.1653543 2.1988189 2.1653543 1 P 0
L 2.0925197 2.1751968 2.0925197 2.2342519 1 P 0
L 2.0925197 2.1751968 2.1988189 2.1751968 1 P 0
L 2.0925197 2.2342519 2.1988189 2.2342519 1 P 0
L 2.1062992 2.5895669 2.1062992 2.6269684 0 P 0
L 2.1269685 1.6535433 2.1643701 1.6535433 0 P 0
L 2.1269685 1.7224409 2.1643701 1.7224409 0 P 0
L 2.1269685 1.8188976 2.1643701 1.8188976 0 P 0
L 2.1269685 1.8818898 2.16437 1.8818898 0 P 0
L 2.1269685 2.007874 2.1643701 2.007874 0 P 0
L 2.1269685 2.1358268 2.1643701 2.1358268 0 P 0
L 2.1269685 2.2047244 2.1643701 2.2047244 0 P 0
L 2.1358267 2.555118 2.1358267 2.6614173 1 P 0
L 2.1456693 1.6348425 2.1456693 1.672244 0 P 0
L 2.1456693 1.7037401 2.1456693 1.7411416 0 P 0
L 2.1456693 1.8001968 2.1456693 1.8375983 0 P 0
L 2.1456693 1.863189 2.1456693 1.9005906 0 P 0
L 2.1456693 1.9891732 2.1456693 2.0265747 0 P 0
L 2.1456693 2.117126 2.1456693 2.1545275 0 P 0
L 2.1456693 2.1860236 2.1456693 2.2234251 0 P 0
L 2.1988189 1.6240157 2.1988189 1.6830708 1 P 0
L 2.1988189 1.6929133 2.1988189 1.7519684 1 P 0
L 2.1988189 1.78937 2.1988189 1.8484251 1 P 0
L 2.1988189 1.8523623 2.1988189 1.9114174 1 P 0
L 2.1988189 1.9783464 2.1988189 2.0374015 1 P 0
L 2.1988189 2.1062992 2.1988189 2.1653543 1 P 0
L 2.1988189 2.1751968 2.1988189 2.2342519 1 P 0
L 2.2942913 1.3887795 2.2942913 2.3120079 1 P 0
L 2.2942913 1.3887795 3.2175197 1.3887795 1 P 0
L 2.2942913 2.3120079 3.2175197 2.3120079 1 P 0
L 2.3001968 0.8307088 2.3001968 1.0472442 1 P 0
L 2.3129922 1.2066929 2.3129922 1.3129921 1 P 0
L 2.3129922 1.2066929 2.3720473 1.2066929 1 P 0
L 2.3129922 1.3129921 2.3720473 1.3129921 1 P 0
L 2.3129922 2.5551181 2.3129922 2.6614174 1 P 0
L 2.3129922 2.5551181 2.3720473 2.5551181 1 P 0
L 2.3129922 2.6614174 2.3720473 2.6614174 1 P 0
L 2.3188976 0.8283465 2.3188976 1.0220473 1 P 0
L 2.3188976 0.8283465 2.4055118 0.8283465 1 P 0
L 2.3188976 1.0220473 2.4055118 1.0220473 1 P 0
L 2.3238189 2.6082677 2.3612205 2.6082677 0 P 0
L 2.323819 1.2598425 2.3612205 1.2598425 0 P 0
L 2.3425196 0.9251969 2.3818897 0.9251969 0 P 0
L 2.3425197 1.2411417 2.3425197 1.2785433 0 P 0
L 2.3425197 2.589567 2.3425197 2.6269685 0 P 0
L 2.3622047 0.9055119 2.3622047 0.944882 0 P 0
L 2.3720472 2.3877953 2.3720472 2.4940945 1 P 0
L 2.3720472 2.3877953 2.4311023 2.3877953 1 P 0
L 2.3720472 2.4940945 2.4311023 2.4940945 1 P 0
L 2.3720473 1.2066929 2.3720473 1.3129921 1 P 0
L 2.3720473 2.5551181 2.3720473 2.6614174 1 P 0
L 2.382874 2.4409449 2.4202755 2.4409449 0 P 0
L 2.3917323 1.2066929 2.3917323 1.3129921 1 P 0
L 2.3917323 1.2066929 2.4507874 1.2066929 1 P 0
L 2.3917323 1.3129921 2.4507874 1.3129921 1 P 0
L 2.3917323 2.5551181 2.3917323 2.6614174 1 P 0
L 2.3917323 2.5551181 2.4507874 2.5551181 1 P 0
L 2.3917323 2.6614174 2.4507874 2.6614174 1 P 0
L 2.4015748 2.4222441 2.4015748 2.4596457 0 P 0
L 2.402559 2.6082677 2.4399606 2.6082677 0 P 0
L 2.4025591 1.2598425 2.4399606 1.2598425 0 P 0
L 2.4055118 0.8283465 2.4055118 1.0220473 1 P 0
L 2.4212598 1.2411417 2.4212598 1.2785433 0 P 0
L 2.4212598 2.589567 2.4212598 2.6269685 0 P 0
L 2.4271653 0.8283465 2.4271653 1.0220473 1 P 0
L 2.4271653 0.8283465 2.5137795 0.8283465 1 P 0
L 2.4271653 1.0220473 2.5137795 1.0220473 1 P 0
L 2.4311023 1.1122047 2.5098425 1.1122047 0 P 0
L 2.4311023 2.3877953 2.4311023 2.4940945 1 P 0
L 2.4507873 0.9251969 2.4901574 0.9251969 0 P 0
L 2.4507874 1.2066929 2.4507874 1.3129921 1 P 0
L 2.4507874 2.5551181 2.4507874 2.6614174 1 P 0
L 2.4606299 2.3877953 2.4606299 2.4940945 1 P 0
L 2.4606299 2.3877953 2.519685 2.3877953 1 P 0
L 2.4606299 2.4940945 2.519685 2.4940945 1 P 0
L 2.4704724 0.9055119 2.4704724 0.944882 0 P 0
L 2.4704724 1.0728346 2.4704724 1.1515748 0 P 0
L 2.4704725 1.2066929 2.4704725 1.3129921 1 P 0
L 2.4704725 1.2066929 2.5295276 1.2066929 1 P 0
L 2.4704725 1.3129921 2.5295276 1.3129921 1 P 0
L 2.4714567 2.4409449 2.5088582 2.4409449 0 P 0
L 2.4803149 2.6791339 2.4803149 2.8740158 1 P 0
L 2.4812993 1.2598425 2.5187008 1.2598425 0 P 0
L 2.4901575 2.4222441 2.4901575 2.4596457 0 P 0
L 2.5 1.2411417 2.5 1.2785433 0 P 0
L 2.5137795 0.8283465 2.5137795 1.0220473 1 P 0
L 2.519685 2.3877953 2.519685 2.4940945 1 P 0
L 2.5295276 1.2066929 2.5295276 1.3129921 1 P 0
L 2.5393701 2.6791339 2.5393701 2.8740158 1 P 0
L 2.5393701 2.6791339 2.9724409 2.6791339 1 P 0
L 2.5393701 2.8740158 2.9724409 2.8740158 1 P 0
L 2.5413385 0.8090552 2.5413385 0.8838583 1 P 0
L 2.5413385 0.8090552 2.6751968 0.8090552 1 P 0
L 2.5413385 0.8838583 2.6751968 0.8838583 1 P 0
L 2.5492126 2.3877953 2.5492126 2.4940945 1 P 0
L 2.5492126 2.3877953 2.6082677 2.3877953 1 P 0
L 2.5492126 2.4940945 2.6082677 2.4940945 1 P 0
L 2.5551181 0.9055118 2.5551181 0.9645669 1 P 0
L 2.5551181 0.9055118 2.6614173 0.9055118 1 P 0
L 2.5551181 0.9645669 2.6614173 0.9645669 1 P 0
L 2.5551181 0.984252 2.5551181 1.0433071 1 P 0
L 2.5551181 0.984252 2.6614173 0.984252 1 P 0
L 2.5551181 1.0433071 2.6614173 1.0433071 1 P 0
L 2.5600394 2.4409449 2.5974409 2.4409449 0 P 0
L 2.5688977 1.2066929 2.5688977 1.3129921 1 P 0
L 2.5688977 1.2066929 2.6279528 1.2066929 1 P 0
L 2.5688977 1.3129921 2.6279528 1.3129921 1 P 0
L 2.5787402 2.4222441 2.5787402 2.4596457 0 P 0
L 2.5797245 1.2598425 2.617126 1.2598425 0 P 0
L 2.5885826 0.8464567 2.6279527 0.8464567 0 P 0
L 2.5895669 0.9350394 2.6269685 0.9350394 0 P 0
L 2.5895669 1.0137795 2.6269685 1.0137795 0 P 0
L 2.5984252 1.2411417 2.5984252 1.2785433 0 P 0
L 2.6082677 0.8267717 2.6082677 0.8661418 0 P 0
L 2.6082677 0.9163386 2.6082677 0.9537401 0 P 0
L 2.6082677 0.9950788 2.6082677 1.0324803 0 P 0
L 2.6082677 2.3877953 2.6082677 2.4940945 1 P 0
L 2.6279528 1.2066929 2.6279528 1.3129921 1 P 0
L 2.6279528 1.2066929 2.6279528 1.3129921 1 P 0
L 2.6279528 1.2066929 2.6870079 1.2066929 1 P 0
L 2.6279528 1.3129921 2.6870079 1.3129921 1 P 0
L 2.6387796 1.2598425 2.6761811 1.2598425 0 P 0
L 2.6476378 2.5649605 2.6476378 2.6712598 1 P 0
L 2.6476378 2.5649605 2.7066929 2.5649605 1 P 0
L 2.6476378 2.6712598 2.7066929 2.6712598 1 P 0
L 2.6574803 1.2411417 2.6574803 1.2785433 0 P 0
L 2.6584646 2.6181102 2.6958662 2.6181102 0 P 0
L 2.6614173 0.9055118 2.6614173 0.9645669 1 P 0
L 2.6614173 0.984252 2.6614173 1.0433071 1 P 0
L 2.6751968 0.8090552 2.6751968 0.8838583 1 P 0
L 2.6771654 2.5994094 2.6771654 2.6368109 0 P 0
L 2.6870079 0.9064961 2.6870079 1.1998031 1 P 0
L 2.6870079 0.9064961 2.9035433 0.9064961 1 P 0
L 2.6870079 1.1998031 2.9035433 1.1998031 1 P 0
L 2.6870079 1.2066929 2.6870079 1.3129921 1 P 0
L 2.6870079 1.2066929 2.6870079 1.3129922 1 P 0
L 2.6870079 1.2066929 2.746063 1.2066929 1 P 0
L 2.6870079 1.3129922 2.746063 1.3129922 1 P 0
L 2.6870079 2.3877953 2.6870079 2.4940946 1 P 0
L 2.6870079 2.3877953 2.746063 2.3877953 1 P 0
L 2.6870079 2.4940946 2.746063 2.4940946 1 P 0
L 2.6978346 1.2598425 2.7352362 1.2598425 0 P 0
L 2.6978346 2.4409449 2.7352362 2.4409449 0 P 0
L 2.7066929 2.5649605 2.7066929 2.6712598 1 P 0
L 2.7125984 0.8169292 2.7125984 0.8759843 1 P 0
L 2.7125984 0.8169292 2.8188976 0.8169292 1 P 0
L 2.7125984 0.8759843 2.8188976 0.8759843 1 P 0
L 2.7165354 1.2411418 2.7165354 1.2785433 0 P 0
L 2.7165354 2.4222442 2.7165354 2.4596457 0 P 0
L 2.7263779 2.5649605 2.7263779 2.6712598 1 P 0
L 2.7263779 2.5649605 2.785433 2.5649605 1 P 0
L 2.7263779 2.6712598 2.785433 2.6712598 1 P 0
L 2.7372047 2.6181102 2.7746063 2.6181102 0 P 0
L 2.746063 1.2066928 2.746063 1.3129921 1 P 0
L 2.746063 1.2066928 2.8051181 1.2066928 1 P 0
L 2.746063 1.2066929 2.746063 1.3129922 1 P 0
L 2.746063 1.3129921 2.8051181 1.3129921 1 P 0
L 2.746063 2.3877953 2.746063 2.4940946 1 P 0
L 2.7470472 0.8464567 2.7844488 0.8464567 0 P 0
L 2.7559055 2.5994094 2.7559055 2.6368109 0 P 0
L 2.7568898 1.2598425 2.7942914 1.2598425 0 P 0
L 2.765748 0.827756 2.765748 0.8651575 0 P 0
L 2.7755905 2.3877953 2.7755905 2.4940945 1 P 0
L 2.7755905 2.3877953 2.8346456 2.3877953 1 P 0
L 2.7755905 2.4940945 2.8346456 2.4940945 1 P 0
L 2.7755906 1.2411417 2.7755906 1.2785432 0 P 0
L 2.785433 2.5649605 2.785433 2.6712598 1 P 0
L 2.7864173 2.4409449 2.8238188 2.4409449 0 P 0
L 2.8051181 1.2066928 2.8051181 1.3129921 1 P 0
L 2.8051181 1.2066928 2.8051181 1.3129921 1 P 0
L 2.8051181 1.2066928 2.8641732 1.2066928 1 P 0
L 2.8051181 1.3129921 2.8641732 1.3129921 1 P 0
L 2.8051181 2.4222441 2.8051181 2.4596457 0 P 0
L 2.8159449 1.2598425 2.8533465 1.2598425 0 P 0
L 2.8188976 0.8169292 2.8188976 0.8759843 1 P 0
L 2.8346456 2.3877953 2.8346456 2.4940945 1 P 0
L 2.8346457 1.2411417 2.8346457 1.2785432 0 P 0
L 2.8641732 1.2066928 2.8641732 1.3129921 1 P 0
L 2.8641732 1.2066928 2.8641732 1.3129921 1 P 0
L 2.8641732 1.2066928 2.9232283 1.2066928 1 P 0
L 2.8641732 1.3129921 2.9232283 1.3129921 1 P 0
L 2.875 1.2598425 2.9124016 1.2598425 0 P 0
L 2.8937008 1.2411417 2.8937008 1.2785432 0 P 0
L 2.9035433 0.9064961 2.9035433 1.1998031 1 P 0
L 2.9114174 2.3877953 2.9114174 2.4940946 1 P 0
L 2.9114174 2.3877953 2.9704725 2.3877953 1 P 0
L 2.9114174 2.4940946 2.9704725 2.4940946 1 P 0
L 2.9133858 1.0878975 2.9133858 1.1941968 1 P 0
L 2.9133858 1.0878975 2.9724409 1.0878975 1 P 0
L 2.9133858 1.1941968 2.9724409 1.1941968 1 P 0
L 2.9222441 2.4409449 2.9596457 2.4409449 0 P 0
L 2.9232283 1.2066928 2.9232283 1.3129921 1 P 0
L 2.9232284 1.2066929 2.9232284 1.3129922 1 P 0
L 2.9232284 1.2066929 2.9822835 1.2066929 1 P 0
L 2.9232284 1.3129922 2.9822835 1.3129922 1 P 0
L 2.9242126 1.1410472 2.9616142 1.1410472 0 P 0
L 2.9340551 1.2598425 2.9714567 1.2598425 0 P 0
L 2.9409449 2.4222442 2.9409449 2.4596457 0 P 0
L 2.9429134 1.1223464 2.9429134 1.1597479 0 P 0
L 2.9527559 1.2411418 2.9527559 1.2785433 0 P 0
L 2.9704725 2.3877953 2.9704725 2.4940946 1 P 0
L 2.9724409 1.0878975 2.9724409 1.1941968 1 P 0
L 2.9724409 2.6791339 2.9724409 2.8740158 1 P 0
L 2.9822834 1.2066928 2.9822834 1.3129921 1 P 0
L 2.9822834 1.2066928 3.0413385 1.2066928 1 P 0
L 2.9822834 1.3129921 3.0413385 1.3129921 1 P 0
L 2.9822835 1.0878976 2.9822835 1.1941969 1 P 0
L 2.9822835 1.0878976 3.0413386 1.0878976 1 P 0
L 2.9822835 1.1941969 3.0413386 1.1941969 1 P 0
L 2.9822835 1.2066929 2.9822835 1.3129922 1 P 0
L 2.9931102 1.1410472 3.0305118 1.1410472 0 P 0
L 2.9931102 1.2598425 3.0305118 1.2598425 0 P 0
L 3.0019685 2.3877953 3.0019685 2.4940945 1 P 0
L 3.0019685 2.3877953 3.0610236 2.3877953 1 P 0
L 3.0019685 2.4940945 3.0610236 2.4940945 1 P 0
L 3.0019685 2.7224409 3.0019685 2.8287402 1 P 0
L 3.0019685 2.7224409 3.0610236 2.7224409 1 P 0
L 3.0019685 2.8287402 3.0610236 2.8287402 1 P 0
L 3.011811 1.1223465 3.011811 1.159748 0 P 0
L 3.011811 1.2411417 3.011811 1.2785432 0 P 0
L 3.0127953 2.4409449 3.0501968 2.4409449 0 P 0
L 3.0127953 2.7755906 3.0501969 2.7755906 0 P 0
L 3.0314961 2.4222441 3.0314961 2.4596457 0 P 0
L 3.0314961 2.7568898 3.0314961 2.7942913 0 P 0
L 3.0413385 1.2066928 3.0413385 1.3129921 1 P 0
L 3.0413386 1.0878976 3.0413386 1.1941969 1 P 0
L 3.0413386 1.2066929 3.0413386 1.3129921 1 P 0
L 3.0413386 1.2066929 3.1003937 1.2066929 1 P 0
L 3.0413386 1.3129921 3.1003937 1.3129921 1 P 0
L 3.0511811 1.0688976 3.0511811 1.1751968 1 P 0
L 3.0511811 1.0688976 3.1102362 1.0688976 1 P 0
L 3.0511811 1.1751968 3.1102362 1.1751968 1 P 0
L 3.0521654 1.2598425 3.0895669 1.2598425 0 P 0
L 3.0610236 2.3877953 3.0610236 2.4940945 1 P 0
L 3.0610236 2.7224409 3.0610236 2.8287402 1 P 0
L 3.0620079 1.1220472 3.0994094 1.1220472 0 P 0
L 3.0688976 2.3877953 3.0688976 2.4940945 1 P 0
L 3.0688976 2.3877953 3.1279527 2.3877953 1 P 0
L 3.0688976 2.4940945 3.1279527 2.4940945 1 P 0
L 3.0708661 1.2411417 3.0708661 1.2785433 0 P 0
L 3.077756 2.6673229 3.077756 2.8838583 1 P 0
L 3.077756 2.6673229 3.371063 2.6673229 1 P 0
L 3.077756 2.8838583 3.371063 2.8838583 1 P 0
L 3.0797244 2.4409449 3.1171259 2.4409449 0 P 0
L 3.0807087 1.1033464 3.0807087 1.140748 0 P 0
L 3.0984252 2.4222441 3.0984252 2.4596457 0 P 0
L 3.1003937 1.2066929 3.1003937 1.3129921 1 P 0
L 3.1003938 1.2066929 3.1003938 1.3129921 1 P 0
L 3.1003938 1.2066929 3.1594489 1.2066929 1 P 0
L 3.1003938 1.3129921 3.1594489 1.3129921 1 P 0
L 3.1102362 1.0688976 3.1102362 1.1751968 1 P 0
L 3.1112206 1.2598425 3.1486221 1.2598425 0 P 0
L 3.1200787 1.0688976 3.1200787 1.1751968 1 P 0
L 3.1200787 1.0688976 3.1791338 1.0688976 1 P 0
L 3.1200787 1.1751968 3.1791338 1.1751968 1 P 0
L 3.1279527 2.3877953 3.1279527 2.4940945 1 P 0
L 3.1299213 1.2411417 3.1299213 1.2785433 0 P 0
L 3.1309055 1.1220472 3.168307 1.1220472 0 P 0
L 3.1397637 2.3877953 3.1397637 2.4940945 1 P 0
L 3.1397637 2.3877953 3.1988188 2.3877953 1 P 0
L 3.1397637 2.4940945 3.1988188 2.4940945 1 P 0
L 3.1496063 1.1033464 3.1496063 1.140748 0 P 0
L 3.1505905 2.4409449 3.187992 2.4409449 0 P 0
L 3.1594489 1.2066929 3.1594489 1.3129921 1 P 0
L 3.1692913 2.4222441 3.1692913 2.4596457 0 P 0
L 3.1732283 1.2263779 3.1732283 1.4114173 1 P 0
L 3.1732283 1.2263779 3.2637795 1.2263779 1 P 0
L 3.1732283 1.4114173 3.2637795 1.4114173 1 P 0
L 3.1791338 1.0688976 3.1791338 1.1751968 1 P 0
L 3.1889764 1.003937 3.2677166 1.003937 0 P 0
L 3.1988188 2.3877953 3.1988188 2.4940945 1 P 0
L 3.1988189 1.0688976 3.1988189 1.1751968 1 P 0
L 3.1988189 1.0688976 3.257874 1.0688976 1 P 0
L 3.1988189 1.1751968 3.257874 1.1751968 1 P 0
L 3.1988189 1.3188976 3.238189 1.3188976 0 P 0
L 3.2096457 1.1220472 3.2470472 1.1220472 0 P 0
L 3.2175197 1.3887795 3.2175197 2.3120079 1 P 0
L 3.2185039 1.2992125 3.2185039 1.3385826 0 P 0
L 3.2283465 0.9645669 3.2283465 1.0433071 0 P 0
L 3.2283465 1.1033464 3.2283465 1.140748 0 P 0
L 3.2440945 2.3661417 3.2440945 2.4566929 1 P 0
L 3.2440945 2.3661417 3.4291339 2.3661417 1 P 0
L 3.2440945 2.4566929 3.4291339 2.4566929 1 P 0
L 3.2539369 2.5295276 3.2539369 2.5885827 1 P 0
L 3.2539369 2.5295276 3.3602362 2.5295276 1 P 0
L 3.2539369 2.5885827 3.3602362 2.5885827 1 P 0
L 3.253937 1.476378 3.253937 1.5354331 1 P 0
L 3.253937 1.476378 3.3602362 1.476378 1 P 0
L 3.253937 1.5354331 3.3602362 1.5354331 1 P 0
L 3.253937 2.0059056 3.253937 2.0649607 1 P 0
L 3.253937 2.0059056 3.3602362 2.0059056 1 P 0
L 3.253937 2.0649607 3.3602362 2.0649607 1 P 0
L 3.253937 2.0807087 3.253937 2.1397638 1 P 0
L 3.253937 2.0807087 3.3602362 2.0807087 1 P 0
L 3.253937 2.1397638 3.3602362 2.1397638 1 P 0
L 3.253937 2.4665355 3.253937 2.5255906 1 P 0
L 3.253937 2.4665355 3.3602362 2.4665355 1 P 0
L 3.253937 2.5255906 3.3602362 2.5255906 1 P 0
L 3.253937 2.6003938 3.253937 2.6594489 1 P 0
L 3.253937 2.6003938 3.3602362 2.6003938 1 P 0
L 3.253937 2.6594489 3.3602362 2.6594489 1 P 0
L 3.257874 1.0688976 3.257874 1.1751968 1 P 0
L 3.2637795 1.2263779 3.2637795 1.4114173 1 P 0
L 3.269685 1.777559 3.269685 1.8366141 1 P 0
L 3.269685 1.777559 3.3759843 1.777559 1 P 0
L 3.269685 1.8366141 3.3759843 1.8366141 1 P 0
L 3.269685 1.8405512 3.269685 1.8996063 1 P 0
L 3.269685 1.8405512 3.3759842 1.8405512 1 P 0
L 3.269685 1.8996063 3.3759842 1.8996063 1 P 0
L 3.273622 0.8562992 3.273622 1.1909449 1 P 0
L 3.273622 0.8562992 3.5570866 0.8562992 1 P 0
L 3.273622 1.1909449 3.5570866 1.1909449 1 P 0
L 3.2736221 1.6043308 3.2736221 1.6633859 1 P 0
L 3.2736221 1.6043308 3.3799213 1.6043308 1 P 0
L 3.2736221 1.6633859 3.3799213 1.6633859 1 P 0
L 3.2736221 1.6830709 3.2736221 1.742126 1 P 0
L 3.2736221 1.6830709 3.3799213 1.6830709 1 P 0
L 3.2736221 1.742126 3.3799213 1.742126 1 P 0
L 3.2834646 2.2342519 3.2834646 2.293307 1 P 0
L 3.2834646 2.2342519 3.3897638 2.2342519 1 P 0
L 3.2834646 2.293307 3.3897638 2.293307 1 P 0
L 3.2834646 2.3031496 3.2834646 2.3622047 1 P 0
L 3.2834646 2.3031496 3.3897638 2.3031496 1 P 0
L 3.2834646 2.3622047 3.3897638 2.3622047 1 P 0
L 3.2883858 1.5059055 3.3257874 1.5059055 0 P 0
L 3.2883858 2.0354331 3.3257874 2.0354331 0 P 0
L 3.2883858 2.1102362 3.3257874 2.1102362 0 P 0
L 3.2883858 2.496063 3.3257874 2.496063 0 P 0
L 3.2883858 2.5590551 3.3257873 2.5590551 0 P 0
L 3.2883858 2.6299213 3.3257874 2.6299213 0 P 0
L 3.2913386 1.2263779 3.2913386 1.4114173 1 P 0
L 3.2913386 1.2263779 3.3818898 1.2263779 1 P 0
L 3.2913386 1.4114173 3.3818898 1.4114173 1 P 0
L 3.3041338 1.8700787 3.3415354 1.8700787 0 P 0
L 3.3041339 1.8070866 3.3415354 1.8070866 0 P 0
L 3.3070866 1.4872048 3.3070866 1.5246063 0 P 0
L 3.3070866 2.0167324 3.3070866 2.0541339 0 P 0
L 3.3070866 2.0915355 3.3070866 2.128937 0 P 0
L 3.3070866 2.4773623 3.3070866 2.5147638 0 P 0
L 3.3070866 2.5403543 3.3070866 2.5777559 0 P 0
L 3.3070866 2.6112206 3.3070866 2.6486221 0 P 0
L 3.3080709 1.6338583 3.3454725 1.6338583 0 P 0
L 3.3080709 1.7125984 3.3454725 1.7125984 0 P 0
L 3.3169291 1.3188976 3.3562992 1.3188976 0 P 0
L 3.3169292 2.4114173 3.3562993 2.4114173 0 P 0
L 3.3179134 2.2637795 3.355315 2.2637795 0 P 0
L 3.3179134 2.3326772 3.355315 2.3326772 0 P 0
L 3.3228346 1.7883858 3.3228346 1.8257874 0 P 0
L 3.3228346 1.851378 3.3228346 1.8887795 0 P 0
L 3.3267717 1.6151576 3.3267717 1.6525591 0 P 0
L 3.3267717 1.6938977 3.3267717 1.7312992 0 P 0
L 3.3366142 1.2992126 3.3366142 1.3385827 0 P 0
L 3.3366142 2.2450787 3.3366142 2.2824802 0 P 0
L 3.3366142 2.3139764 3.3366142 2.3513779 0 P 0
L 3.3366142 2.3917323 3.3366142 2.4311024 0 P 0
L 3.3602362 1.476378 3.3602362 1.5354331 1 P 0
L 3.3602362 2.0059056 3.3602362 2.0649607 1 P 0
L 3.3602362 2.0807087 3.3602362 2.1397638 1 P 0
L 3.3602362 2.4665355 3.3602362 2.5255906 1 P 0
L 3.3602362 2.5295276 3.3602362 2.5885827 1 P 0
L 3.3602362 2.6003938 3.3602362 2.6594489 1 P 0
L 3.371063 2.6673229 3.371063 2.8838583 1 P 0
L 3.3759842 1.8405512 3.3759842 1.8996063 1 P 0
L 3.3759842 2.1948819 3.4547244 2.1948819 0 P 0
L 3.3759843 1.777559 3.3759843 1.8366141 1 P 0
L 3.3759843 2.722441 3.3759843 2.8287402 1 P 0
L 3.3759843 2.722441 3.4350394 2.722441 1 P 0
L 3.3759843 2.8287402 3.4350394 2.8287402 1 P 0
L 3.3799212 1.8838583 3.3799212 1.9429134 1 P 0
L 3.3799212 1.8838583 3.4862205 1.8838583 1 P 0
L 3.3799212 1.9429134 3.4862205 1.9429134 1 P 0
L 3.3799213 1.6043308 3.3799213 1.6633859 1 P 0
L 3.3799213 1.6830709 3.3799213 1.742126 1 P 0
L 3.3799213 1.8208661 3.3799213 1.8799212 1 P 0
L 3.3799213 1.8208661 3.4862205 1.8208661 1 P 0
L 3.3799213 1.8799212 3.4862205 1.8799212 1 P 0
L 3.3799213 1.9507874 3.3799213 2.0098425 1 P 0
L 3.3799213 1.9507874 3.4862205 1.9507874 1 P 0
L 3.3799213 2.0098425 3.4862205 2.0098425 1 P 0
L 3.3818898 1.2263779 3.3818898 1.4114173 1 P 0
L 3.3868111 2.7755906 3.4242126 2.7755906 0 P 0
L 3.3897638 2.2342519 3.3897638 2.293307 1 P 0
L 3.3897638 2.3031496 3.3897638 2.3622047 1 P 0
L 3.3956692 1.023622 3.4350393 1.023622 0 P 0
L 3.3976377 1.4685039 3.3976377 1.5433071 1 P 0
L 3.3976377 1.4685039 3.531496 1.4685039 1 P 0
L 3.3976377 1.5433071 3.531496 1.5433071 1 P 0
L 3.3976378 1.5482284 3.3976378 1.621063 1 P 0
L 3.3976378 1.5482284 3.531496 1.5482284 1 P 0
L 3.3976378 1.621063 3.531496 1.621063 1 P 0
L 3.3976378 1.6259842 3.3976378 1.7007874 1 P 0
L 3.3976378 1.6259842 3.5314961 1.6259842 1 P 0
L 3.3976378 1.7007874 3.5314961 1.7007874 1 P 0
L 3.3976378 1.7057086 3.3976378 1.7785432 1 P 0
L 3.3976378 1.7057086 3.531496 1.7057086 1 P 0
L 3.3976378 1.7785432 3.531496 1.7785432 1 P 0
L 3.4015748 1.3877953 3.4015748 1.4468504 1 P 0
L 3.4015748 1.3877953 3.507874 1.3877953 1 P 0
L 3.4015748 1.4468504 3.507874 1.4468504 1 P 0
L 3.4055118 1.246063 3.4055118 1.3523622 1 P 0
L 3.4055118 1.246063 3.4645669 1.246063 1 P 0
L 3.4055118 1.3523622 3.4645669 1.3523622 1 P 0
L 3.4055118 2.7568898 3.4055118 2.7942914 0 P 0
L 3.4143701 1.8503937 3.4517717 1.8503937 0 P 0
L 3.4143701 1.9133858 3.4517716 1.9133858 0 P 0
L 3.4143701 1.980315 3.4517717 1.980315 0 P 0
L 3.4153543 1.003937 3.4153543 1.0433071 0 P 0
L 3.4153543 2.1555118 3.4153543 2.234252 0 P 0
L 3.4163386 1.2992126 3.4537401 1.2992126 0 P 0
L 3.4291339 2.3661417 3.4291339 2.4566929 1 P 0
L 3.4311024 2.4192913 3.4311024 2.5255905 1 P 0
L 3.4311024 2.4192913 3.4901575 2.4192913 1 P 0
L 3.4311024 2.5255905 3.4901575 2.5255905 1 P 0
L 3.4330709 1.8316929 3.4330709 1.8690944 0 P 0
L 3.4330709 1.894685 3.4330709 1.9320866 0 P 0
L 3.4330709 1.9616142 3.4330709 1.9990157 0 P 0
L 3.4350394 1.2805118 3.4350394 1.3179134 0 P 0
L 3.4350394 2.722441 3.4350394 2.8287402 1 P 0
L 3.4360236 1.4173228 3.4734252 1.4173228 0 P 0
L 3.4419292 2.4724409 3.4793307 2.4724409 0 P 0
L 3.4448818 1.5059055 3.4842519 1.5059055 0 P 0
L 3.4448819 1.6633858 3.484252 1.6633858 0 P 0
L 3.4468504 2.5748031 3.4468504 2.8267716 0 P 0
L 3.4468504 2.5748031 3.6397638 2.5748031 0 P 0
L 3.4468504 2.8267716 3.6397638 2.8267716 0 P 0
L 3.4547244 1.3986221 3.4547244 1.4360236 0 P 0
L 3.4606299 2.4537401 3.4606299 2.4911417 0 P 0
L 3.4645669 1.246063 3.4645669 1.3523622 1 P 0
L 3.4645669 1.4862205 3.4645669 1.5255905 0 P 0
L 3.464567 1.6437008 3.464567 1.6830708 0 P 0
L 3.4763779 2.5452757 3.4763779 2.6200788 1 P 0
L 3.4763779 2.5452757 3.6102362 2.5452757 1 P 0
L 3.4763779 2.6200788 3.6102362 2.6200788 1 P 0
L 3.476378 2.7972441 3.476378 2.8720472 1 P 0
L 3.476378 2.7972441 3.6102363 2.7972441 1 P 0
L 3.476378 2.8720472 3.6102363 2.8720472 1 P 0
L 3.4862205 1.8208661 3.4862205 1.8799212 1 P 0
L 3.4862205 1.8838583 3.4862205 1.9429134 1 P 0
L 3.4862205 1.9507874 3.4862205 2.0098425 1 P 0
L 3.4901575 2.4192913 3.4901575 2.5255905 1 P 0
L 3.4950787 1.8612205 3.4950787 2.3907481 1 P 0
L 3.4950787 1.8612205 4.0246063 1.8612205 1 P 0
L 3.4950787 2.3907481 4.0246063 2.3907481 1 P 0
L 3.5019685 2.4192913 3.5019685 2.5255905 1 P 0
L 3.5019685 2.4192913 3.5610236 2.4192913 1 P 0
L 3.5019685 2.5255905 3.5610236 2.5255905 1 P 0
L 3.503937 1.246063 3.503937 1.3523622 1 P 0
L 3.503937 1.246063 3.5629921 1.246063 1 P 0
L 3.503937 1.3523622 3.5629921 1.3523622 1 P 0
L 3.507874 1.3877953 3.507874 1.4468504 1 P 0
L 3.5127953 2.4724409 3.5501968 2.4724409 0 P 0
L 3.5147638 1.2992126 3.5521653 1.2992126 0 P 0
L 3.523622 2.5826772 3.5629921 2.5826772 0 P 0
L 3.5236221 2.8346457 3.5629922 2.8346457 0 P 0
L 3.531496 1.4685039 3.531496 1.5433071 1 P 0
L 3.531496 1.5482284 3.531496 1.621063 1 P 0
L 3.531496 1.7057086 3.531496 1.7785432 1 P 0
L 3.5314961 1.6259842 3.5314961 1.7007874 1 P 0
L 3.5314961 2.4537401 3.5314961 2.4911417 0 P 0
L 3.5334646 1.2805118 3.5334646 1.3179134 0 P 0
L 3.5433071 1.7913385 3.6220473 1.7913385 0 P 0
L 3.5433071 2.5629922 3.5433071 2.6023623 0 P 0
L 3.5433071 2.8149606 3.5433071 2.8543307 0 P 0
L 3.5570866 0.8562992 3.5570866 1.1909449 1 P 0
L 3.5610236 2.4192913 3.5610236 2.5255905 1 P 0
L 3.5629921 1.246063 3.5629921 1.3523622 1 P 0
L 3.5653544 1.3612205 3.5653544 1.7293307 1 P 0
L 3.5653544 1.3612205 3.7968504 1.3612205 1 P 0
L 3.5653544 1.7293307 3.7968504 1.7293307 1 P 0
L 3.5688976 2.4192913 3.5688976 2.5255905 1 P 0
L 3.5688976 2.4192913 3.6279527 2.4192913 1 P 0
L 3.5688976 2.5255905 3.6279527 2.5255905 1 P 0
L 3.5728347 0.9015748 3.5728347 1.007874 1 P 0
L 3.5728347 0.9015748 3.6318898 0.9015748 1 P 0
L 3.5728347 1.007874 3.6318898 1.007874 1 P 0
L 3.5766299 1.296 3.6553701 1.296 0 P 0
L 3.5797244 2.4724409 3.6171259 2.4724409 0 P 0
L 3.5826772 1.7519684 3.5826772 1.8307086 0 P 0
L 3.5836615 0.9547244 3.621063 0.9547244 0 P 0
L 3.5984252 2.4537401 3.5984252 2.4911417 0 P 0
L 3.6023622 0.9360236 3.6023622 0.9734252 0 P 0
L 3.6102362 2.5452757 3.6102362 2.6200788 1 P 0
L 3.6102363 2.7972441 3.6102363 2.8720472 1 P 0
L 3.616 1.2566299 3.616 1.3353701 0 P 0
L 3.6279527 2.4192913 3.6279527 2.5255905 1 P 0
L 3.6318898 0.9015748 3.6318898 1.007874 1 P 0
L 3.6397638 2.5748031 3.6397638 2.8267716 0 P 0
L 3.6437009 2.7165354 3.6437009 2.8503937 1 P 0
L 3.6437009 2.7165354 3.718504 2.7165354 1 P 0
L 3.6437009 2.8503937 3.718504 2.8503937 1 P 0
L 3.6535433 0.8877952 3.6535433 1.0216535 1 P 0
L 3.6535433 0.8877952 3.7283464 0.8877952 1 P 0
L 3.6535433 1.0216535 3.7283464 1.0216535 1 P 0
L 3.6614173 1.0295276 3.6614173 1.1358268 1 P 0
L 3.6614173 1.0295276 3.7204724 1.0295276 1 P 0
L 3.6614173 1.1358268 3.7204724 1.1358268 1 P 0
L 3.6614173 1.1574803 3.6614173 1.2637795 1 P 0
L 3.6614173 1.1574803 3.7204724 1.1574803 1 P 0
L 3.6614173 1.2637795 3.7204724 1.2637795 1 P 0
L 3.6614174 2.7834645 3.7007875 2.7834645 0 P 0
L 3.6712598 0.9547244 3.7106299 0.9547244 0 P 0
L 3.6722441 1.0826772 3.7096456 1.0826772 0 P 0
L 3.6722441 1.2106299 3.7096456 1.2106299 0 P 0
L 3.6811024 2.7637795 3.6811024 2.8031496 0 P 0
L 3.6909448 1.7736221 3.6909448 1.8326772 1 P 0
L 3.6909448 1.7736221 3.7972441 1.7736221 1 P 0
L 3.6909448 1.8326772 3.7972441 1.8326772 1 P 0
L 3.6909449 0.9350393 3.6909449 0.9744094 0 P 0
L 3.6909449 1.0639764 3.6909449 1.101378 0 P 0
L 3.6909449 1.1919291 3.6909449 1.2293307 0 P 0
L 3.718504 2.7165354 3.718504 2.8503937 1 P 0
L 3.7204724 1.0295276 3.7204724 1.1358268 1 P 0
L 3.7204724 1.1574803 3.7204724 1.2637795 1 P 0
L 3.7204724 2.53937 3.7204724 2.8937008 2 P 0
L 3.7204724 2.53937 3.9566928 2.53937 2 P 0
L 3.7204724 2.8937008 3.9566928 2.8937008 2 P 0
L 3.7253937 1.8031496 3.7627952 1.8031496 0 P 0
L 3.7283464 0.8877952 3.7283464 1.0216535 1 P 0
L 3.7401575 1.0541339 3.7401575 1.3474409 1 P 0
L 3.7401575 1.0541339 3.9566929 1.0541339 1 P 0
L 3.7401575 1.3474409 3.9566929 1.3474409 1 P 0
L 3.7440945 1.7844488 3.7440945 1.8218504 0 P 0
L 3.7578741 0.9035433 3.7578741 1.0098425 1 P 0
L 3.7578741 0.9035433 3.8169292 0.9035433 1 P 0
L 3.7578741 1.0098425 3.8169292 1.0098425 1 P 0
L 3.7687009 0.9566929 3.8061024 0.9566929 0 P 0
L 3.7874016 0.9379921 3.7874016 0.9753937 0 P 0
L 3.7968504 1.3612205 3.7968504 1.7293307 1 P 0
L 3.7972441 1.7736221 3.7972441 1.8326772 1 P 0
L 3.805118 1.6830709 3.805118 1.742126 1 P 0
L 3.805118 1.6830709 3.9114173 1.6830709 1 P 0
L 3.805118 1.742126 3.9114173 1.742126 1 P 0
L 3.805118 1.7618111 3.805118 1.8208662 1 P 0
L 3.805118 1.7618111 3.9114173 1.7618111 1 P 0
L 3.805118 1.8208662 3.9114173 1.8208662 1 P 0
L 3.8051181 1.4468504 3.8051181 1.5059055 1 P 0
L 3.8051181 1.4468504 3.9114173 1.4468504 1 P 0
L 3.8051181 1.5059055 3.9114173 1.5059055 1 P 0
L 3.8051181 1.5255905 3.8051181 1.5846456 1 P 0
L 3.8051181 1.5255905 3.9114174 1.5255905 1 P 0
L 3.8051181 1.5846456 3.9114174 1.5846456 1 P 0
L 3.8051181 1.6043306 3.8051181 1.6633857 1 P 0
L 3.8051181 1.6043306 3.9114174 1.6043306 1 P 0
L 3.8051181 1.6633857 3.9114174 1.6633857 1 P 0
L 3.8149606 1.3937008 3.8937008 1.3937008 0 P 0
L 3.8169292 0.9035433 3.8169292 1.0098425 1 P 0
L 3.8188976 2.7165354 3.8582676 2.7165354 2 P 0
L 3.8385826 2.6968504 3.8385826 2.7362204 2 P 0
L 3.8395669 1.4763779 3.8769685 1.4763779 0 P 0
L 3.8395669 1.7125984 3.8769684 1.7125984 0 P 0
L 3.8395669 1.7913386 3.8769684 1.7913386 0 P 0
L 3.839567 1.5551181 3.8769685 1.5551181 0 P 0
L 3.839567 1.6338582 3.8769685 1.6338582 0 P 0
L 3.8543307 1.3543307 3.8543307 1.4330709 0 P 0
L 3.8582677 1.4576772 3.8582677 1.4950787 0 P 0
L 3.8582677 1.5364173 3.8582677 1.5738189 0 P 0
L 3.8582677 1.6151574 3.8582677 1.652559 0 P 0
L 3.8582677 1.6938976 3.8582677 1.7312992 0 P 0
L 3.8582677 1.7726378 3.8582677 1.8100394 0 P 0
L 3.9114173 1.4468504 3.9114173 1.5059055 1 P 0
L 3.9114173 1.6830709 3.9114173 1.742126 1 P 0
L 3.9114173 1.7618111 3.9114173 1.8208662 1 P 0
L 3.9114174 1.5255905 3.9114174 1.5846456 1 P 0
L 3.9114174 1.6043306 3.9114174 1.6633857 1 P 0
L 3.9354331 1.4238582 3.9354331 1.8438582 0 P 0
L 3.9354331 1.4238582 4.1354331 1.4238582 0 P 0
L 3.9354331 1.8438582 4.1354331 1.8438582 0 P 0
L 3.9547244 2.4232284 3.9547244 2.5295276 1 P 0
L 3.9547244 2.4232284 4.0137795 2.4232284 1 P 0
L 3.9547244 2.5295276 4.0137795 2.5295276 1 P 0
L 3.9566928 2.53937 3.9566928 2.8937008 2 P 0
L 3.9566929 1.0541339 3.9566929 1.3474409 1 P 0
L 3.9586615 2.7165354 3.9586615 2.8503937 1 P 0
L 3.9586615 2.7165354 4.0334646 2.7165354 1 P 0
L 3.9586615 2.8503937 4.0334646 2.8503937 1 P 0
L 3.9655512 2.476378 4.0029527 2.476378 0 P 0
L 3.976378 2.7834645 4.0157481 2.7834645 0 P 0
L 3.984252 2.4576772 3.984252 2.4950788 0 P 0
L 3.996063 1.6338582 4.0748032 1.6338582 0 P 0
L 3.996063 2.7637795 3.996063 2.8031496 0 P 0
L 4.0137795 2.4232284 4.0137795 2.5295276 1 P 0
L 4.0177165 1.8681102 4.0177165 1.9744094 1 P 0
L 4.0177165 1.8681102 4.0767716 1.8681102 1 P 0
L 4.0177165 1.9744094 4.0767716 1.9744094 1 P 0
L 4.0216535 1.0728347 4.0216535 1.1318898 1 P 0
L 4.0216535 1.0728347 4.1279527 1.0728347 1 P 0
L 4.0216535 1.1318898 4.1279527 1.1318898 1 P 0
L 4.0216535 1.1594488 4.0216535 1.2185039 1 P 0
L 4.0216535 1.1594488 4.1279528 1.1594488 1 P 0
L 4.0216535 1.2185039 4.1279528 1.2185039 1 P 0
L 4.0216535 1.25 4.0216535 1.3090551 1 P 0
L 4.0216535 1.25 4.1279528 1.25 1 P 0
L 4.0216535 1.3090551 4.1279528 1.3090551 1 P 0
L 4.0216535 1.3346457 4.0216535 1.3937008 1 P 0
L 4.0216535 1.3346457 4.1279527 1.3346457 1 P 0
L 4.0216535 1.3937008 4.1279527 1.3937008 1 P 0
L 4.0246063 1.8612205 4.0246063 2.3907481 1 P 0
L 4.0285433 1.9212598 4.0659448 1.9212598 0 P 0
L 4.0334646 2.7165354 4.0334646 2.8503937 1 P 0
L 4.0354331 1.595118 4.0354331 1.6738582 0 P 0
L 4.0405512 2.3059055 4.0405512 2.9059055 0 P 0
L 4.0405512 2.3059055 4.1405512 2.3059055 0 P 0
L 4.0405512 2.9059055 4.1405512 2.9059055 0 P 0
L 4.0472441 1.902559 4.0472441 1.9399606 0 P 0
L 4.0511811 2.6059055 4.1299213 2.6059055 0 P 0
L 4.0561023 1.1023622 4.0935039 1.1023622 0 P 0
L 4.0561023 1.3641732 4.0935039 1.3641732 0 P 0
L 4.0561024 1.1889764 4.0935039 1.1889764 0 P 0
L 4.0561024 1.2795276 4.0935039 1.2795276 0 P 0
L 4.0649606 2.1712597 4.0649606 2.277559 1 P 0
L 4.0649606 2.1712597 4.1240157 2.1712597 1 P 0
L 4.0649606 2.277559 4.1240157 2.277559 1 P 0
L 4.0748031 1.0836615 4.0748031 1.121063 0 P 0
L 4.0748031 1.1702756 4.0748031 1.2076772 0 P 0
L 4.0748031 1.2608268 4.0748031 1.2982284 0 P 0
L 4.0748031 1.3454725 4.0748031 1.382874 0 P 0
L 4.0757874 2.2244094 4.113189 2.2244094 0 P 0
L 4.0767716 1.8681102 4.0767716 1.9744094 1 P 0
L 4.0846457 1.8681102 4.0846457 1.9744094 1 P 0
L 4.0846457 1.8681102 4.1437008 1.8681102 1 P 0
L 4.0846457 1.9744094 4.1437008 1.9744094 1 P 0
L 4.0846457 1.9783465 4.0846457 2.0846458 1 P 0
L 4.0846457 1.9783465 4.1437008 1.9783465 1 P 0
L 4.0846457 2.0846458 4.1437008 2.0846458 1 P 0
L 4.0905512 2.5665354 4.0905512 2.6452756 0 P 0
L 4.0944882 2.2057086 4.0944882 2.2431101 0 P 0
L 4.0954724 2.0314961 4.132874 2.0314961 0 P 0
L 4.0954725 1.9212598 4.132874 1.9212598 0 P 0
L 4.1141732 1.902559 4.1141732 1.9399606 0 P 0
L 4.1141732 2.0127954 4.1141732 2.0501969 0 P 0
L 4.1240157 2.1712597 4.1240157 2.277559 1 P 0
L 4.1279527 1.0728347 4.1279527 1.1318898 1 P 0
L 4.1279527 1.3346457 4.1279527 1.3937008 1 P 0
L 4.1279528 1.1594488 4.1279528 1.2185039 1 P 0
L 4.1279528 1.25 4.1279528 1.3090551 1 P 0
L 4.1354331 1.4238582 4.1354331 1.8438582 0 P 0
L 4.1405512 2.3059055 4.1405512 2.9059055 0 P 0
L 4.1437008 1.8681102 4.1437008 1.9744094 1 P 0
L 4.1437008 1.9783465 4.1437008 2.0846458 1 P 0
