#Layer_Color=16711935
#
#Feature symbol names
#
$0 r3.937
$1 r7.874
$2 rect66.9233x33.0728

#
#Feature attribute names
#

#
#Layer features
#
L 0.5354331 0.9771654 0.5354331 2.723622 0 P 0
L 0.5354331 0.9771654 0.8635827 0.9771654 0 P 0
L 0.5354331 2.723622 0.8635827 2.723622 0 P 0
L 0.8635827 0.9771654 0.8635827 2.723622 0 P 0
L 1.0657481 0.9515749 1.0657481 1.0775591 0 P 0
L 1.0657481 0.9515749 1.1287403 0.9515749 0 P 0
L 1.0657481 1.0775591 1.1287403 1.0775591 0 P 0
L 1.0657481 1.1051181 1.0657481 1.2311023 0 P 0
L 1.0657481 1.1051181 1.1287403 1.1051181 0 P 0
L 1.0657481 1.2311023 1.1287403 1.2311023 0 P 0
L 1.0657481 1.2586615 1.0657481 1.3846457 0 P 0
L 1.0657481 1.2586615 1.1287403 1.2586615 0 P 0
L 1.0657481 1.3846457 1.1287403 1.3846457 0 P 0
L 1.0657481 1.4082678 1.0657481 1.534252 0 P 0
L 1.0657481 1.4082678 1.1287403 1.4082678 0 P 0
L 1.0657481 1.534252 1.1287403 1.534252 0 P 0
L 1.0657481 1.5618111 1.0657481 1.6877953 0 P 0
L 1.0657481 1.5618111 1.1287403 1.5618111 0 P 0
L 1.0657481 1.6877953 1.1287403 1.6877953 0 P 0
L 1.0657481 1.7153544 1.0657481 1.8413386 0 P 0
L 1.0657481 1.7153544 1.1287403 1.7153544 0 P 0
L 1.0657481 1.8413386 1.1287403 1.8413386 0 P 0
L 1.0657481 1.8688977 1.0657481 1.9948819 0 P 0
L 1.0657481 1.8688977 1.1287403 1.8688977 0 P 0
L 1.0657481 1.9948819 1.1287403 1.9948819 0 P 0
L 1.0657481 2.022441 1.0657481 2.1484252 0 P 0
L 1.0657481 2.022441 1.1287403 2.022441 0 P 0
L 1.0657481 2.1484252 1.1287403 2.1484252 0 P 0
L 1.0657481 2.1759843 1.0657481 2.3019685 0 P 0
L 1.0657481 2.1759843 1.1287403 2.1759843 0 P 0
L 1.0657481 2.3019685 1.1287403 2.3019685 0 P 0
L 1.0657481 2.3255906 1.0657481 2.4515748 0 P 0
L 1.0657481 2.3255906 1.1287403 2.3255906 0 P 0
L 1.0657481 2.4515748 1.1287403 2.4515748 0 P 0
L 1.0657481 2.4791339 1.0657481 2.6051181 0 P 0
L 1.0657481 2.4791339 1.1287403 2.4791339 0 P 0
L 1.0657481 2.6051181 1.1287403 2.6051181 0 P 0
L 1.0657481 2.6326772 1.0657481 2.7586614 0 P 0
L 1.0657481 2.6326772 1.1287403 2.6326772 0 P 0
L 1.0657481 2.7586614 1.1287403 2.7586614 0 P 0
L 1.1287403 0.9515749 1.1287403 1.0775591 0 P 0
L 1.1287403 1.1051181 1.1287403 1.2311023 0 P 0
L 1.1287403 1.2586615 1.1287403 1.3846457 0 P 0
L 1.1287403 1.4082678 1.1287403 1.534252 0 P 0
L 1.1287403 1.5618111 1.1287403 1.6877953 0 P 0
L 1.1287403 1.7153544 1.1287403 1.8413386 0 P 0
L 1.1287403 1.8688977 1.1287403 1.9948819 0 P 0
L 1.1287403 2.022441 1.1287403 2.1484252 0 P 0
L 1.1287403 2.1759843 1.1287403 2.3019685 0 P 0
L 1.1287403 2.3255906 1.1287403 2.4515748 0 P 0
L 1.1287403 2.4791339 1.1287403 2.6051181 0 P 0
L 1.1287403 2.6326772 1.1287403 2.7586614 0 P 0
L 1.3787403 0.9712599 1.3787403 1.2940945 0 P 0
L 1.3787403 0.9712599 1.5874017 0.9712599 0 P 0
L 1.3787403 1.268504 1.4043308 1.2940945 0 P 0
L 1.3787403 1.2940945 1.5874017 1.2940945 0 P 0
L 1.3787403 1.4437008 1.3787403 1.7665354 0 P 0
L 1.3787403 1.4437008 1.5874017 1.4437008 0 P 0
L 1.3787403 1.7409449 1.4043308 1.7665354 0 P 0
L 1.3787403 1.7665354 1.5874017 1.7665354 0 P 0
L 1.3787403 1.9358268 1.3787403 2.2586614 0 P 0
L 1.3787403 1.9358268 1.5874017 1.9358268 0 P 0
L 1.3787403 2.2330709 1.4043308 2.2586614 0 P 0
L 1.3787403 2.2586614 1.5874017 2.2586614 0 P 0
L 1.3787403 2.476378 1.3787403 2.7992126 0 P 0
L 1.3787403 2.476378 1.5874017 2.476378 0 P 0
L 1.3787403 2.7736221 1.4043308 2.7992126 0 P 0
L 1.3787403 2.7992126 1.5874017 2.7992126 0 P 0
L 1.5521654 1.3238189 1.5521654 1.3612204 0 P 0
L 1.5521654 1.3238189 1.621063 1.3238189 0 P 0
L 1.5521654 1.3612204 1.621063 1.3612204 0 P 0
L 1.5600394 1.8021653 1.5600394 1.8395668 0 P 0
L 1.5600394 1.8021653 1.628937 1.8021653 0 P 0
L 1.5600394 1.8395668 1.628937 1.8395668 0 P 0
L 1.5600394 2.2942913 1.5600394 2.3316928 0 P 0
L 1.5600394 2.2942913 1.628937 2.2942913 0 P 0
L 1.5600394 2.3316928 1.628937 2.3316928 0 P 0
L 1.5874017 0.9712599 1.5874017 1.2940945 0 P 0
L 1.5874017 1.4437008 1.5874017 1.7665354 0 P 0
L 1.5874017 1.9358268 1.5874017 2.2586614 0 P 0
L 1.5874017 2.476378 1.5874017 2.7992126 0 P 0
L 1.621063 1.3238189 1.621063 1.3612204 0 P 0
L 1.628937 1.8021653 1.628937 1.8395668 0 P 0
L 1.628937 2.2942913 1.628937 2.3316928 0 P 0
L 1.7037402 2.7116142 1.7037402 2.7805118 0 P 0
L 1.7037402 2.7116142 1.7411417 2.7116142 0 P 0
L 1.7037402 2.7805118 1.7411417 2.7805118 0 P 0
L 1.7411417 2.7116142 1.7411417 2.7805118 0 P 0
L 1.8346456 2.5669292 1.8346456 2.6692914 0 P 0
L 1.8346456 2.5669292 1.9645669 2.5669292 0 P 0
L 1.8346456 2.6692914 1.9645669 2.6692914 0 P 0
L 1.8651574 2.4812992 1.8651574 2.5187008 0 P 0
L 1.8651574 2.4812992 1.9340551 2.4812992 0 P 0
L 1.8651574 2.5187008 1.9340551 2.5187008 0 P 0
L 1.8651575 2.7175197 1.8651575 2.7549212 0 P 0
L 1.8651575 2.7175197 1.9340551 2.7175197 0 P 0
L 1.8651575 2.7549212 1.9340551 2.7549212 0 P 0
L 1.9301181 0.8513779 1.9301181 0.9202756 0 P 0
L 1.9301181 0.8513779 1.9675197 0.8513779 0 P 0
L 1.9301181 0.9202756 1.9675197 0.9202756 0 P 0
L 1.9340551 2.4812992 1.9340551 2.5187008 0 P 0
L 1.9340551 2.7175197 1.9340551 2.7549212 0 P 0
L 1.9379921 2.0757874 1.9379921 2.113189 0 P 0
L 1.9379921 2.0757874 2.0068898 2.0757874 0 P 0
L 1.9379921 2.113189 2.0068898 2.113189 0 P 0
L 1.9645669 2.5669292 1.9645669 2.6692914 0 P 0
L 1.9675197 0.8513779 1.9675197 0.9202756 0 P 0
L 1.9734251 1.8021653 1.9734251 1.8395669 0 P 0
L 1.9734251 1.8021653 2.0423228 1.8021653 0 P 0
L 1.9734251 1.8395669 2.0423228 1.8395669 0 P 0
L 2.0068898 2.0757874 2.0068898 2.113189 0 P 0
L 2.0423228 1.8021653 2.0423228 1.8395669 0 P 0
L 2.0570866 2.6889764 2.0570866 2.8641733 0 P 0
L 2.0570866 2.6889764 2.4704724 2.6889764 0 P 0
L 2.0570866 2.8641733 2.4704724 2.8641733 0 P 0
L 2.0767716 0.8425198 2.0767716 1.0354332 0 P 0
L 2.0767716 0.8425198 2.230315 0.8425198 0 P 0
L 2.0767716 0.9854332 2.1267716 1.0354332 0 P 0
L 2.0767716 1.0354332 2.230315 1.0354332 0 P 0
L 2.0875984 2.5738188 2.0875984 2.6427165 0 P 0
L 2.0875984 2.5738188 2.125 2.5738188 0 P 0
L 2.0875984 2.6427165 2.125 2.6427165 0 P 0
L 2.1112204 1.863189 2.1112204 1.9005906 0 P 0
L 2.1112204 1.863189 2.1801181 1.863189 0 P 0
L 2.1112204 1.9005906 2.1801181 1.9005906 0 P 0
L 2.1112205 1.6348425 2.1112205 1.672244 0 P 0
L 2.1112205 1.6348425 2.1801181 1.6348425 0 P 0
L 2.1112205 1.672244 2.1801181 1.672244 0 P 0
L 2.1112205 1.7037401 2.1112205 1.7411416 0 P 0
L 2.1112205 1.7037401 2.1801181 1.7037401 0 P 0
L 2.1112205 1.7411416 2.1801181 1.7411416 0 P 0
L 2.1112205 1.8001968 2.1112205 1.8375983 0 P 0
L 2.1112205 1.8001968 2.1801181 1.8001968 0 P 0
L 2.1112205 1.8375983 2.1801181 1.8375983 0 P 0
L 2.1112205 1.9891732 2.1112205 2.0265747 0 P 0
L 2.1112205 1.9891732 2.1801181 1.9891732 0 P 0
L 2.1112205 2.0265747 2.1801181 2.0265747 0 P 0
L 2.1112205 2.117126 2.1112205 2.1545275 0 P 0
L 2.1112205 2.117126 2.1801181 2.117126 0 P 0
L 2.1112205 2.1545275 2.1801181 2.1545275 0 P 0
L 2.1112205 2.1860236 2.1112205 2.2234251 0 P 0
L 2.1112205 2.1860236 2.1801181 2.1860236 0 P 0
L 2.1112205 2.2234251 2.1801181 2.2234251 0 P 0
L 2.125 2.5738188 2.125 2.6427165 0 P 0
L 2.1801181 1.6348425 2.1801181 1.672244 0 P 0
L 2.1801181 1.7037401 2.1801181 1.7411416 0 P 0
L 2.1801181 1.8001968 2.1801181 1.8375983 0 P 0
L 2.1801181 1.863189 2.1801181 1.9005906 0 P 0
L 2.1801181 1.9891732 2.1801181 2.0265747 0 P 0
L 2.1801181 2.117126 2.1801181 2.1545275 0 P 0
L 2.1801181 2.1860236 2.1801181 2.2234251 0 P 0
L 2.230315 0.8425198 2.230315 1.0354332 0 P 0
L 2.3238189 2.5738189 2.3238189 2.6427166 0 P 0
L 2.3238189 2.5738189 2.3612205 2.5738189 0 P 0
L 2.3238189 2.6427166 2.3612205 2.6427166 0 P 0
L 2.323819 1.2253937 2.323819 1.2942913 0 P 0
L 2.323819 1.2253937 2.3612205 1.2253937 0 P 0
L 2.323819 1.2942913 2.3612205 1.2942913 0 P 0
L 2.328745 0.8576785 2.328745 0.992126 0 P 0
L 2.328745 0.8576785 2.3956634 0.8576785 0 P 0
L 2.328745 0.992126 2.3956634 0.992126 0 P 0
L 2.3612205 1.2253937 2.3612205 1.2942913 0 P 0
L 2.3612205 2.5738189 2.3612205 2.6427166 0 P 0
L 2.3622047 1.4566929 2.3622047 2.2440945 0 P 0
L 2.3622047 1.4566929 3.1496063 1.4566929 0 P 0
L 2.3622047 2.2440945 3.1496063 2.2440945 0 P 0
L 2.382874 2.4064961 2.382874 2.4753937 0 P 0
L 2.382874 2.4064961 2.4202755 2.4064961 0 P 0
L 2.382874 2.4753937 2.4202755 2.4753937 0 P 0
L 2.3956634 0.8576785 2.3956634 0.992126 0 P 0
L 2.402559 2.5738189 2.402559 2.6427166 0 P 0
L 2.402559 2.5738189 2.4399606 2.5738189 0 P 0
L 2.402559 2.6427166 2.4399606 2.6427166 0 P 0
L 2.4025591 1.2253937 2.4025591 1.2942913 0 P 0
L 2.4025591 1.2253937 2.4399606 1.2253937 0 P 0
L 2.4025591 1.2942913 2.4399606 1.2942913 0 P 0
L 2.4202755 2.4064961 2.4202755 2.4753937 0 P 0
L 2.4370127 0.8576785 2.4370127 0.992126 0 P 0
L 2.4370127 0.8576785 2.5039311 0.8576785 0 P 0
L 2.4370127 0.992126 2.5039311 0.992126 0 P 0
L 2.4399606 1.2253937 2.4399606 1.2942913 0 P 0
L 2.4399606 2.5738189 2.4399606 2.6427166 0 P 0
L 2.4704724 2.6889764 2.4704724 2.8641733 0 P 0
L 2.4714567 2.4064961 2.4714567 2.4753937 0 P 0
L 2.4714567 2.4064961 2.5088582 2.4064961 0 P 0
L 2.4714567 2.4753937 2.5088582 2.4753937 0 P 0
L 2.4812993 1.2253937 2.4812993 1.2942913 0 P 0
L 2.4812993 1.2253937 2.5187008 1.2253937 0 P 0
L 2.4812993 1.2942913 2.5187008 1.2942913 0 P 0
L 2.5039311 0.8576785 2.5039311 0.992126 0 P 0
L 2.5088582 2.4064961 2.5088582 2.4753937 0 P 0
L 2.5187008 1.2253937 2.5187008 1.2942913 0 P 0
L 2.5492126 2.6889764 2.5492126 2.8641733 0 P 0
L 2.5492126 2.6889764 2.9625984 2.6889764 0 P 0
L 2.5492126 2.8641733 2.9625984 2.8641733 0 P 0
L 2.5600394 2.4064961 2.5600394 2.4753937 0 P 0
L 2.5600394 2.4064961 2.5974409 2.4064961 0 P 0
L 2.5600394 2.4753937 2.5974409 2.4753937 0 P 0
L 2.5649606 0.8188977 2.5649606 0.8740158 0 P 0
L 2.5649606 0.8188977 2.6515747 0.8188977 0 P 0
L 2.5649606 0.8740158 2.6515747 0.8740158 0 P 0
L 2.5738189 0.9163386 2.5738189 0.9537401 0 P 0
L 2.5738189 0.9163386 2.6427165 0.9163386 0 P 0
L 2.5738189 0.9537401 2.6427165 0.9537401 0 P 0
L 2.5738189 0.9950788 2.5738189 1.0324803 0 P 0
L 2.5738189 0.9950788 2.6427165 0.9950788 0 P 0
L 2.5738189 1.0324803 2.6427165 1.0324803 0 P 0
L 2.5797245 1.2253937 2.5797245 1.2942913 0 P 0
L 2.5797245 1.2253937 2.617126 1.2253937 0 P 0
L 2.5797245 1.2942913 2.617126 1.2942913 0 P 0
L 2.5974409 2.4064961 2.5974409 2.4753937 0 P 0
L 2.617126 1.2253937 2.617126 1.2942913 0 P 0
L 2.6387796 1.2253937 2.6387796 1.2942913 0 P 0
L 2.6387796 1.2253937 2.6761811 1.2253937 0 P 0
L 2.6387796 1.2942913 2.6761811 1.2942913 0 P 0
L 2.6427165 0.9163386 2.6427165 0.9537401 0 P 0
L 2.6427165 0.9950788 2.6427165 1.0324803 0 P 0
L 2.6515747 0.8188977 2.6515747 0.8740158 0 P 0
L 2.6584646 2.5836613 2.6584646 2.652559 0 P 0
L 2.6584646 2.5836613 2.6958662 2.5836613 0 P 0
L 2.6584646 2.652559 2.6958662 2.652559 0 P 0
L 2.6761811 1.2253937 2.6761811 1.2942913 0 P 0
L 2.6958662 2.5836613 2.6958662 2.652559 0 P 0
L 2.6978346 1.2253937 2.6978346 1.2942914 0 P 0
L 2.6978346 1.2253937 2.7352362 1.2253937 0 P 0
L 2.6978346 1.2942914 2.7352362 1.2942914 0 P 0
L 2.6978346 2.4064961 2.6978346 2.4753938 0 P 0
L 2.6978346 2.4064961 2.7352362 2.4064961 0 P 0
L 2.6978346 2.4753938 2.7352362 2.4753938 0 P 0
L 2.6988189 0.9763779 2.6988189 1.1299213 0 P 0
L 2.6988189 0.9763779 2.8917323 0.9763779 0 P 0
L 2.6988189 1.1299213 2.8917323 1.1299213 0 P 0
L 2.7312992 0.827756 2.7312992 0.8651575 0 P 0
L 2.7312992 0.827756 2.8001968 0.827756 0 P 0
L 2.7312992 0.8651575 2.8001968 0.8651575 0 P 0
L 2.7352362 1.2253937 2.7352362 1.2942914 0 P 0
L 2.7352362 2.4064961 2.7352362 2.4753938 0 P 0
L 2.7372047 2.5836613 2.7372047 2.652559 0 P 0
L 2.7372047 2.5836613 2.7746063 2.5836613 0 P 0
L 2.7372047 2.652559 2.7746063 2.652559 0 P 0
L 2.7568898 1.2253936 2.7568898 1.2942913 0 P 0
L 2.7568898 1.2253936 2.7942914 1.2253936 0 P 0
L 2.7568898 1.2942913 2.7942914 1.2942913 0 P 0
L 2.7746063 2.5836613 2.7746063 2.652559 0 P 0
L 2.7864173 2.4064961 2.7864173 2.4753937 0 P 0
L 2.7864173 2.4064961 2.8238188 2.4064961 0 P 0
L 2.7864173 2.4753937 2.8238188 2.4753937 0 P 0
L 2.7942914 1.2253936 2.7942914 1.2942913 0 P 0
L 2.8001968 0.827756 2.8001968 0.8651575 0 P 0
L 2.8159449 1.2253936 2.8159449 1.2942913 0 P 0
L 2.8159449 1.2253936 2.8533465 1.2253936 0 P 0
L 2.8159449 1.2942913 2.8533465 1.2942913 0 P 0
L 2.8238188 2.4064961 2.8238188 2.4753937 0 P 0
L 2.8417323 1.1299213 2.8917323 1.0799213 0 P 0
L 2.8533465 1.2253936 2.8533465 1.2942913 0 P 0
L 2.875 1.2253936 2.875 1.2942913 0 P 0
L 2.875 1.2253936 2.9124016 1.2253936 0 P 0
L 2.875 1.2942913 2.9124016 1.2942913 0 P 0
L 2.8917323 0.9763779 2.8917323 1.1299213 0 P 0
L 2.9124016 1.2253936 2.9124016 1.2942913 0 P 0
L 2.9222441 2.4064961 2.9222441 2.4753938 0 P 0
L 2.9222441 2.4064961 2.9596457 2.4064961 0 P 0
L 2.9222441 2.4753938 2.9596457 2.4753938 0 P 0
L 2.9232283 0.8267717 2.9232283 1.0236221 1 P 0
L 2.9232283 0.8267717 3.1200787 0.8267717 1 P 0
L 2.9232283 1.0236221 3.1200787 1.0236221 1 P 0
L 2.9242126 1.1065983 2.9242126 1.175496 0 P 0
L 2.9242126 1.1065983 2.9616142 1.1065983 0 P 0
L 2.9242126 1.175496 2.9616142 1.175496 0 P 0
L 2.9340551 1.2253937 2.9340551 1.2942914 0 P 0
L 2.9340551 1.2253937 2.9714567 1.2253937 0 P 0
L 2.9340551 1.2942914 2.9714567 1.2942914 0 P 0
L 2.9596457 2.4064961 2.9596457 2.4753938 0 P 0
L 2.9616142 1.1065983 2.9616142 1.175496 0 P 0
L 2.9625984 2.6889764 2.9625984 2.8641733 0 P 0
L 2.9714567 1.2253937 2.9714567 1.2942914 0 P 0
L 2.9931102 1.1065984 2.9931102 1.1754961 0 P 0
L 2.9931102 1.1065984 3.0305118 1.1065984 0 P 0
L 2.9931102 1.1754961 3.0305118 1.1754961 0 P 0
L 2.9931102 1.2253936 2.9931102 1.2942913 0 P 0
L 2.9931102 1.2253936 3.0305118 1.2253936 0 P 0
L 2.9931102 1.2942913 3.0305118 1.2942913 0 P 0
L 3.0127953 2.4064961 3.0127953 2.4753937 0 P 0
L 3.0127953 2.4064961 3.0501968 2.4064961 0 P 0
L 3.0127953 2.4753937 3.0501968 2.4753937 0 P 0
L 3.0127953 2.7411417 3.0127953 2.8100394 0 P 0
L 3.0127953 2.7411417 3.0501969 2.7411417 0 P 0
L 3.0127953 2.8100394 3.0501969 2.8100394 0 P 0
L 3.0305118 1.1065984 3.0305118 1.1754961 0 P 0
L 3.0305118 1.2253936 3.0305118 1.2942913 0 P 0
L 3.0501968 2.4064961 3.0501968 2.4753937 0 P 0
L 3.0501969 2.7411417 3.0501969 2.8100394 0 P 0
L 3.0521654 1.2253937 3.0521654 1.2942913 0 P 0
L 3.0521654 1.2253937 3.0895669 1.2253937 0 P 0
L 3.0521654 1.2942913 3.0895669 1.2942913 0 P 0
L 3.0620079 1.0875984 3.0620079 1.156496 0 P 0
L 3.0620079 1.0875984 3.0994094 1.0875984 0 P 0
L 3.0620079 1.156496 3.0994094 1.156496 0 P 0
L 3.0797244 2.4064961 3.0797244 2.4753937 0 P 0
L 3.0797244 2.4064961 3.1171259 2.4064961 0 P 0
L 3.0797244 2.4753937 3.1171259 2.4753937 0 P 0
L 3.0895669 1.2253937 3.0895669 1.2942913 0 P 0
L 3.0994094 1.0875984 3.0994094 1.156496 0 P 0
L 3.1112206 1.2253937 3.1112206 1.2942913 0 P 0
L 3.1112206 1.2253937 3.1486221 1.2253937 0 P 0
L 3.1112206 1.2942913 3.1486221 1.2942913 0 P 0
L 3.1171259 2.4064961 3.1171259 2.4753937 0 P 0
L 3.1200787 0.8267717 3.1200787 1.0236221 1 P 0
L 3.1299212 2.2440945 3.1496063 2.2244094 0 P 0
L 3.1309055 1.0875984 3.1309055 1.156496 0 P 0
L 3.1309055 1.0875984 3.168307 1.0875984 0 P 0
L 3.1309055 1.156496 3.168307 1.156496 0 P 0
L 3.1476378 2.6791339 3.1476378 2.8720473 0 P 0
L 3.1476378 2.6791339 3.3011812 2.6791339 0 P 0
L 3.1476378 2.8220473 3.1976378 2.8720473 0 P 0
L 3.1476378 2.8720473 3.3011812 2.8720473 0 P 0
L 3.1486221 1.2253937 3.1486221 1.2942913 0 P 0
L 3.1496063 1.4566929 3.1496063 2.2440945 0 P 0
L 3.1505905 2.4064961 3.1505905 2.4753937 0 P 0
L 3.1505905 2.4064961 3.187992 2.4064961 0 P 0
L 3.1505905 2.4753937 3.187992 2.4753937 0 P 0
L 3.168307 1.0875984 3.168307 1.156496 0 P 0
L 3.1830709 1.2519685 3.1830709 1.3858267 0 P 0
L 3.1830709 1.2519685 3.253937 1.2519685 0 P 0
L 3.1830709 1.3858267 3.253937 1.3858267 0 P 0
L 3.187992 2.4064961 3.187992 2.4753937 0 P 0
L 3.2096457 1.0875984 3.2096457 1.156496 0 P 0
L 3.2096457 1.0875984 3.2470472 1.0875984 0 P 0
L 3.2096457 1.156496 3.2470472 1.156496 0 P 0
L 3.2470472 1.0875984 3.2470472 1.156496 0 P 0
L 3.253937 1.2519685 3.253937 1.3858267 0 P 0
L 3.2696851 2.3759843 3.2696851 2.4468504 0 P 0
L 3.2696851 2.3759843 3.4035433 2.3759843 0 P 0
L 3.2696851 2.4468504 3.4035433 2.4468504 0 P 0
L 3.2726377 2.5403543 3.2726377 2.5777559 0 P 0
L 3.2726377 2.5403543 3.3415354 2.5403543 0 P 0
L 3.2726377 2.5777559 3.3415354 2.5777559 0 P 0
L 3.2726378 1.4872048 3.2726378 1.5246063 0 P 0
L 3.2726378 1.4872048 3.3415354 1.4872048 0 P 0
L 3.2726378 1.5246063 3.3415354 1.5246063 0 P 0
L 3.2726378 2.0167324 3.2726378 2.0541339 0 P 0
L 3.2726378 2.0167324 3.3415354 2.0167324 0 P 0
L 3.2726378 2.0541339 3.3415354 2.0541339 0 P 0
L 3.2726378 2.0915355 3.2726378 2.128937 0 P 0
L 3.2726378 2.0915355 3.3415354 2.0915355 0 P 0
L 3.2726378 2.128937 3.3415354 2.128937 0 P 0
L 3.2726378 2.4773623 3.2726378 2.5147638 0 P 0
L 3.2726378 2.4773623 3.3415354 2.4773623 0 P 0
L 3.2726378 2.5147638 3.3415354 2.5147638 0 P 0
L 3.2726378 2.6112206 3.2726378 2.6486221 0 P 0
L 3.2726378 2.6112206 3.3415354 2.6112206 0 P 0
L 3.2726378 2.6486221 3.3415354 2.6486221 0 P 0
L 3.2834645 0.9507874 3.2834645 1.0964567 0 P 0
L 3.2834645 0.9507874 3.547244 0.9507874 0 P 0
L 3.2834645 1.0964567 3.547244 1.0964567 0 P 0
L 3.2883858 1.7883858 3.2883858 1.8257874 0 P 0
L 3.2883858 1.7883858 3.3572835 1.7883858 0 P 0
L 3.2883858 1.8257874 3.3572835 1.8257874 0 P 0
L 3.2883858 1.851378 3.2883858 1.8887795 0 P 0
L 3.2883858 1.851378 3.3572834 1.851378 0 P 0
L 3.2883858 1.8887795 3.3572834 1.8887795 0 P 0
L 3.2923229 1.6151576 3.2923229 1.6525591 0 P 0
L 3.2923229 1.6151576 3.3612205 1.6151576 0 P 0
L 3.2923229 1.6525591 3.3612205 1.6525591 0 P 0
L 3.2923229 1.6938977 3.2923229 1.7312992 0 P 0
L 3.2923229 1.6938977 3.3612205 1.6938977 0 P 0
L 3.2923229 1.7312992 3.3612205 1.7312992 0 P 0
L 3.3011811 1.2519685 3.3011811 1.3858267 0 P 0
L 3.3011811 1.2519685 3.3720472 1.2519685 0 P 0
L 3.3011811 1.3858267 3.3720472 1.3858267 0 P 0
L 3.3011812 2.6791339 3.3011812 2.8720473 0 P 0
L 3.3021654 2.2450787 3.3021654 2.2824802 0 P 0
L 3.3021654 2.2450787 3.371063 2.2450787 0 P 0
L 3.3021654 2.2824802 3.371063 2.2824802 0 P 0
L 3.3021654 2.3139764 3.3021654 2.3513779 0 P 0
L 3.3021654 2.3139764 3.371063 2.3139764 0 P 0
L 3.3021654 2.3513779 3.371063 2.3513779 0 P 0
L 3.3415354 1.4872048 3.3415354 1.5246063 0 P 0
L 3.3415354 2.0167324 3.3415354 2.0541339 0 P 0
L 3.3415354 2.0915355 3.3415354 2.128937 0 P 0
L 3.3415354 2.4773623 3.3415354 2.5147638 0 P 0
L 3.3415354 2.5403543 3.3415354 2.5777559 0 P 0
L 3.3415354 2.6112206 3.3415354 2.6486221 0 P 0
L 3.3572834 1.851378 3.3572834 1.8887795 0 P 0
L 3.3572835 1.7883858 3.3572835 1.8257874 0 P 0
L 3.3612205 1.6151576 3.3612205 1.6525591 0 P 0
L 3.3612205 1.6938977 3.3612205 1.7312992 0 P 0
L 3.371063 2.2450787 3.371063 2.2824802 0 P 0
L 3.371063 2.3139764 3.371063 2.3513779 0 P 0
L 3.3720472 1.2519685 3.3720472 1.3858267 0 P 0
L 3.3868111 2.7411418 3.3868111 2.8100394 0 P 0
L 3.3868111 2.7411418 3.4242126 2.7411418 0 P 0
L 3.3868111 2.8100394 3.4242126 2.8100394 0 P 0
L 3.398622 1.894685 3.398622 1.9320866 0 P 0
L 3.398622 1.894685 3.4675197 1.894685 0 P 0
L 3.398622 1.9320866 3.4675197 1.9320866 0 P 0
L 3.3986221 1.8316929 3.3986221 1.8690944 0 P 0
L 3.3986221 1.8316929 3.4675197 1.8316929 0 P 0
L 3.3986221 1.8690944 3.4675197 1.8690944 0 P 0
L 3.3986221 1.9616142 3.3986221 1.9990157 0 P 0
L 3.3986221 1.9616142 3.4675197 1.9616142 0 P 0
L 3.3986221 1.9990157 3.4675197 1.9990157 0 P 0
L 3.4035433 2.3759843 3.4035433 2.4468504 0 P 0
L 3.4163386 1.2647638 3.4163386 1.3336614 0 P 0
L 3.4163386 1.2647638 3.4537401 1.2647638 0 P 0
L 3.4163386 1.3336614 3.4537401 1.3336614 0 P 0
L 3.4202756 1.3986221 3.4202756 1.4360236 0 P 0
L 3.4202756 1.3986221 3.4891732 1.3986221 0 P 0
L 3.4202756 1.4360236 3.4891732 1.4360236 0 P 0
L 3.4212598 1.4793307 3.4212598 1.5324803 0 P 0
L 3.4212598 1.4793307 3.507874 1.4793307 0 P 0
L 3.4212598 1.5324803 3.507874 1.5324803 0 P 0
L 3.4212599 1.636811 3.4212599 1.6899606 0 P 0
L 3.4212599 1.636811 3.5078741 1.636811 0 P 0
L 3.4212599 1.6899606 3.5078741 1.6899606 0 P 0
L 3.4242126 2.7411418 3.4242126 2.8100394 0 P 0
L 3.4330708 1.5688977 3.4330708 1.6003937 0 P 0
L 3.4330708 1.5688977 3.496063 1.5688977 0 P 0
L 3.4330708 1.6003937 3.496063 1.6003937 0 P 0
L 3.4330708 1.7263779 3.4330708 1.7578739 0 P 0
L 3.4330708 1.7263779 3.496063 1.7263779 0 P 0
L 3.4330708 1.7578739 3.496063 1.7578739 0 P 0
L 3.4419292 2.4379921 3.4419292 2.5068897 0 P 0
L 3.4419292 2.4379921 3.4793307 2.4379921 0 P 0
L 3.4419292 2.5068897 3.4793307 2.5068897 0 P 0
L 3.4537401 1.2647638 3.4537401 1.3336614 0 P 0
L 3.4675197 1.8316929 3.4675197 1.8690944 0 P 0
L 3.4675197 1.894685 3.4675197 1.9320866 0 P 0
L 3.4675197 1.9616142 3.4675197 1.9990157 0 P 0
L 3.4793307 2.4379921 3.4793307 2.5068897 0 P 0
L 3.4855512 1.5688977 3.496063 1.5794095 0 P 0
L 3.4855512 1.7263779 3.496063 1.7368897 0 P 0
L 3.4891732 1.3986221 3.4891732 1.4360236 0 P 0
L 3.4940945 2.6535433 3.4940945 2.7795275 1 P 0
L 3.4940945 2.6535433 3.5925197 2.6535433 1 P 0
L 3.4940945 2.7795275 3.5925197 2.7795275 1 P 0
L 3.496063 1.5688977 3.496063 1.6003937 0 P 0
L 3.496063 1.7263779 3.496063 1.7578739 0 P 0
L 3.5 2.5551182 3.5 2.6102363 0 P 0
L 3.5 2.5551182 3.5866141 2.5551182 0 P 0
L 3.5 2.6102363 3.5866141 2.6102363 0 P 0
L 3.5000001 2.8070866 3.5000001 2.8622047 0 P 0
L 3.5000001 2.8070866 3.5866142 2.8070866 0 P 0
L 3.5000001 2.8622047 3.5866142 2.8622047 0 P 0
L 3.507874 1.4793307 3.507874 1.5324803 0 P 0
L 3.5078741 1.636811 3.5078741 1.6899606 0 P 0
L 3.5127953 2.4379921 3.5127953 2.5068897 0 P 0
L 3.5127953 2.4379921 3.5501968 2.4379921 0 P 0
L 3.5127953 2.5068897 3.5501968 2.5068897 0 P 0
L 3.5147638 1.2647638 3.5147638 1.3336614 0 P 0
L 3.5147638 1.2647638 3.5521653 1.2647638 0 P 0
L 3.5147638 1.3336614 3.5521653 1.3336614 0 P 0
L 3.547244 0.9507874 3.547244 1.0964567 0 P 0
L 3.5501968 2.4379921 3.5501968 2.5068897 0 P 0
L 3.5521653 1.2647638 3.5521653 1.3336614 0 P 0
L 3.5629921 1.9291339 3.5629921 2.3228347 0 P 0
L 3.5629921 1.9291339 3.9566929 1.9291339 0 P 0
L 3.5629921 2.3228347 3.9566929 2.3228347 0 P 0
L 3.5771654 1.4413386 3.5771654 1.6492126 0 P 0
L 3.5771654 1.4413386 3.7850394 1.4413386 0 P 0
L 3.5771654 1.4913386 3.6271654 1.4413386 0 P 0
L 3.5771654 1.6492126 3.7850394 1.6492126 0 P 0
L 3.5797244 2.4379921 3.5797244 2.5068897 0 P 0
L 3.5797244 2.4379921 3.6171259 2.4379921 0 P 0
L 3.5797244 2.5068897 3.6171259 2.5068897 0 P 0
L 3.5836615 0.9202756 3.5836615 0.9891732 0 P 0
L 3.5836615 0.9202756 3.621063 0.9202756 0 P 0
L 3.5836615 0.9891732 3.621063 0.9891732 0 P 0
L 3.5866141 2.5551182 3.5866141 2.6102363 0 P 0
L 3.5866142 2.8070866 3.5866142 2.8622047 0 P 0
L 3.5925197 2.6535433 3.5925197 2.7795275 1 P 0
L 3.6171259 2.4379921 3.6171259 2.5068897 0 P 0
L 3.621063 0.9202756 3.621063 0.9891732 0 P 0
L 3.6535434 2.7401575 3.6535434 2.8267716 0 P 0
L 3.6535434 2.7401575 3.7086615 2.7401575 0 P 0
L 3.6535434 2.8267716 3.7086615 2.8267716 0 P 0
L 3.6633858 0.9114173 3.6633858 0.9980314 0 P 0
L 3.6633858 0.9114173 3.7185039 0.9114173 0 P 0
L 3.6633858 0.9980314 3.7185039 0.9980314 0 P 0
L 3.6722441 1.0482284 3.6722441 1.117126 0 P 0
L 3.6722441 1.0482284 3.7096456 1.0482284 0 P 0
L 3.6722441 1.117126 3.7096456 1.117126 0 P 0
L 3.6722441 1.1761811 3.6722441 1.2450787 0 P 0
L 3.6722441 1.1761811 3.7096456 1.1761811 0 P 0
L 3.6722441 1.2450787 3.7096456 1.2450787 0 P 0
L 3.7086615 2.7401575 3.7086615 2.8267716 0 P 0
L 3.7096456 1.0482284 3.7096456 1.117126 0 P 0
L 3.7096456 1.1761811 3.7096456 1.2450787 0 P 0
L 3.7096456 1.7844488 3.7096456 1.8218504 0 P 0
L 3.7096456 1.7844488 3.7785433 1.7844488 0 P 0
L 3.7096456 1.8218504 3.7785433 1.8218504 0 P 0
L 3.7185039 0.9114173 3.7185039 0.9980314 0 P 0
L 3.7519685 1.1240157 3.7519685 1.2775591 0 P 0
L 3.7519685 1.1240157 3.9448819 1.1240157 0 P 0
L 3.7519685 1.2775591 3.9448819 1.2775591 0 P 0
L 3.7687009 0.9222441 3.7687009 0.9911417 0 P 0
L 3.7687009 0.9222441 3.8061024 0.9222441 0 P 0
L 3.7687009 0.9911417 3.8061024 0.9911417 0 P 0
L 3.7785433 1.7844488 3.7785433 1.8218504 0 P 0
L 3.7850394 1.4413386 3.7850394 1.6492126 0 P 0
L 3.8061024 0.9222441 3.8061024 0.9911417 0 P 0
L 3.8238188 1.6938976 3.8238188 1.7312992 0 P 0
L 3.8238188 1.6938976 3.8927165 1.6938976 0 P 0
L 3.8238188 1.7312992 3.8927165 1.7312992 0 P 0
L 3.8238188 1.7726378 3.8238188 1.8100394 0 P 0
L 3.8238188 1.7726378 3.8927165 1.7726378 0 P 0
L 3.8238188 1.8100394 3.8927165 1.8100394 0 P 0
L 3.8238189 1.4576772 3.8238189 1.4950787 0 P 0
L 3.8238189 1.4576772 3.8927165 1.4576772 0 P 0
L 3.8238189 1.4950787 3.8927165 1.4950787 0 P 0
L 3.8238189 1.5364173 3.8238189 1.5738189 0 P 0
L 3.8238189 1.5364173 3.8927166 1.5364173 0 P 0
L 3.8238189 1.5738189 3.8927166 1.5738189 0 P 0
L 3.8238189 1.6151574 3.8238189 1.652559 0 P 0
L 3.8238189 1.6151574 3.8927166 1.6151574 0 P 0
L 3.8238189 1.652559 3.8927166 1.652559 0 P 0
L 3.8484252 0.8464567 3.8484252 1.0433071 1 P 0
L 3.8484252 0.8464567 4.0452756 0.8464567 1 P 0
L 3.8484252 1.0433071 4.0452756 1.0433071 1 P 0
L 3.8927165 1.4576772 3.8927165 1.4950787 0 P 0
L 3.8927165 1.6938976 3.8927165 1.7312992 0 P 0
L 3.8927165 1.7726378 3.8927165 1.8100394 0 P 0
L 3.8927166 1.5364173 3.8927166 1.5738189 0 P 0
L 3.8927166 1.6151574 3.8927166 1.652559 0 P 0
L 3.8948819 1.2775591 3.9448819 1.2275591 0 P 0
L 3.9354331 1.4238582 3.9354331 1.8438582 0 P 0
L 3.9354331 1.4238582 4.1354331 1.4238582 0 P 0
L 3.9354331 1.8438582 4.1354331 1.8438582 0 P 0
L 3.9370079 2.3228347 3.9566929 2.3031497 0 P 0
L 3.9448819 1.1240157 3.9448819 1.2775591 0 P 0
L 3.9566929 1.9291339 3.9566929 2.3228347 0 P 0
L 3.9655512 2.4419292 3.9655512 2.5108268 0 P 0
L 3.9655512 2.4419292 4.0029527 2.4419292 0 P 0
L 3.9655512 2.5108268 4.0029527 2.5108268 0 P 0
L 3.968504 2.7401575 3.968504 2.8267716 0 P 0
L 3.968504 2.7401575 4.0236221 2.7401575 0 P 0
L 3.968504 2.8267716 4.0236221 2.8267716 0 P 0
L 4.0029527 2.4419292 4.0029527 2.5108268 0 P 0
L 4.0236221 2.7401575 4.0236221 2.8267716 0 P 0
L 4.0285433 1.886811 4.0285433 1.9557086 0 P 0
L 4.0285433 1.886811 4.0659448 1.886811 0 P 0
L 4.0285433 1.9557086 4.0659448 1.9557086 0 P 0
L 4.0403543 1.0836615 4.0403543 1.121063 0 P 0
L 4.0403543 1.0836615 4.1092519 1.0836615 0 P 0
L 4.0403543 1.121063 4.1092519 1.121063 0 P 0
L 4.0403543 1.1702756 4.0403543 1.2076772 0 P 0
L 4.0403543 1.1702756 4.109252 1.1702756 0 P 0
L 4.0403543 1.2076772 4.109252 1.2076772 0 P 0
L 4.0403543 1.2608268 4.0403543 1.2982284 0 P 0
L 4.0403543 1.2608268 4.109252 1.2608268 0 P 0
L 4.0403543 1.2982284 4.109252 1.2982284 0 P 0
L 4.0403543 1.3454725 4.0403543 1.382874 0 P 0
L 4.0403543 1.3454725 4.1092519 1.3454725 0 P 0
L 4.0403543 1.382874 4.1092519 1.382874 0 P 0
L 4.0405512 2.3059055 4.0405512 2.9059055 0 P 0
L 4.0405512 2.3059055 4.1405512 2.3059055 0 P 0
L 4.0405512 2.4059055 4.1405512 2.4059055 0 P 0
L 4.0405512 2.9059055 4.1405512 2.9059055 0 P 0
L 4.0452756 0.8464567 4.0452756 1.0433071 1 P 0
L 4.0659448 1.886811 4.0659448 1.9557086 0 P 0
L 4.0757874 2.1899605 4.0757874 2.2588582 0 P 0
L 4.0757874 2.1899605 4.113189 2.1899605 0 P 0
L 4.0757874 2.2588582 4.113189 2.2588582 0 P 0
L 4.0954724 1.9970473 4.0954724 2.065945 0 P 0
L 4.0954724 1.9970473 4.132874 1.9970473 0 P 0
L 4.0954724 2.065945 4.132874 2.065945 0 P 0
L 4.0954725 1.886811 4.0954725 1.9557086 0 P 0
L 4.0954725 1.886811 4.132874 1.886811 0 P 0
L 4.0954725 1.9557086 4.132874 1.9557086 0 P 0
L 4.1092519 1.0836615 4.1092519 1.121063 0 P 0
L 4.1092519 1.3454725 4.1092519 1.382874 0 P 0
L 4.109252 1.1702756 4.109252 1.2076772 0 P 0
L 4.109252 1.2608268 4.109252 1.2982284 0 P 0
L 4.113189 2.1899605 4.113189 2.2588582 0 P 0
L 4.132874 1.886811 4.132874 1.9557086 0 P 0
L 4.132874 1.9970473 4.132874 2.065945 0 P 0
L 4.1354331 1.4238582 4.1354331 1.8438582 0 P 0
L 4.1405512 2.3059055 4.1405512 2.9059055 0 P 0
P 2.3622034 0.9761798 2 P 0 0
P 2.4704708 0.9761797 2 P 0 0
