#Layer_Color=9474304
#
#Feature symbol names
#
$0 r5

#
#Feature attribute names
#

#
#Layer features
#
L 0.8110236 0.8169291 0.8228346 0.8169291 0 P 0
L 0.8110236 0.9645669 0.8228346 0.9645669 0 P 0
L 0.8169291 0.8110236 0.8169291 0.8228346 0 P 0
L 0.8169291 0.9586614 0.8169291 0.9704724 0 P 0
L 0.8208662 2.7165354 0.8326772 2.7165354 0 P 0
L 0.8208662 2.8740157 0.8326772 2.8740157 0 P 0
L 0.8267717 2.7106299 0.8267717 2.7224409 0 P 0
L 0.8267717 2.8681102 0.8267717 2.8799212 0 P 0
L 0.8503937 0.9645669 0.8622047 0.9645669 0 P 0
L 0.8562992 0.9586614 0.8562992 0.9704724 0 P 0
L 0.8602362 2.7559055 0.8720472 2.7559055 0 P 0
L 0.8661417 2.75 0.8661417 2.761811 0 P 0
L 0.8897638 0.8956693 0.9015748 0.8956693 0 P 0
L 0.8897638 0.9645669 0.9015748 0.9645669 0 P 0
L 0.8956693 0.8897638 0.8956693 0.9015748 0 P 0
L 0.8956693 0.9586614 0.8956693 0.9704724 0 P 0
L 0.9074803 1.0866142 0.9192913 1.0866142 0 P 0
L 0.9114173 2.6614173 0.9232283 2.6614173 0 P 0
L 0.9114173 2.6968504 0.9232283 2.6968504 0 P 0
L 0.9133858 1.0807087 0.9133858 1.0925197 0 P 0
L 0.9173228 2.6555118 0.9173228 2.6673228 0 P 0
L 0.9173228 2.6909449 0.9173228 2.7027559 0 P 0
L 0.9192914 0.9940945 0.9311024 0.9940945 0 P 0
L 0.9192914 1.0334646 0.9311024 1.0334646 0 P 0
L 0.9192914 1.8154032 0.9311024 1.8154032 0 P 0
L 0.9192914 1.8470214 0.9311024 1.8470214 0 P 0
L 0.9192914 1.8824545 0.9311024 1.8824545 0 P 0
L 0.9251969 0.988189 0.9251969 1 0 P 0
L 0.9251969 1.0275591 0.9251969 1.0393701 0 P 0
L 0.9251969 1.8094977 0.9251969 1.8213087 0 P 0
L 0.9251969 1.8411159 0.9251969 1.8529269 0 P 0
L 0.9251969 1.876549 0.9251969 1.88836 0 P 0
L 0.9389764 2.7559055 0.9507874 2.7559055 0 P 0
L 0.9448819 2.75 0.9448819 2.761811 0 P 0
L 0.9606299 1.761811 0.9685039 1.761811 0 P 0
L 0.9645669 1.757874 0.9645669 1.765748 0 P 0
L 0.9685039 0.8169291 0.9803149 0.8169291 0 P 0
L 0.9719567 2.1878937 0.9798307 2.1878937 0 P 0
L 0.9744094 0.8110236 0.9744094 0.8228346 0 P 0
L 0.9758937 2.1839567 0.9758937 2.1918307 0 P 0
L 0.9783465 1.8503937 0.9901575 1.8503937 0 P 0
L 0.984252 1.8444882 0.984252 1.8562992 0 P 0
L 1.0177165 2.8740157 1.0295275 2.8740157 0 P 0
L 1.023622 2.8681102 1.023622 2.8799212 0 P 0
L 1.0964567 0.8661417 1.1082677 0.8661417 0 P 0
L 1.1023622 0.8602362 1.1023622 0.8720472 0 P 0
L 1.1653543 0.8169291 1.1771653 0.8169291 0 P 0
L 1.1712598 0.8110236 1.1712598 0.8228346 0 P 0
L 1.1720473 1.1208662 1.1799213 1.1208662 0 P 0
L 1.1720473 1.1838583 1.1799213 1.1838583 0 P 0
L 1.1720473 2.6799213 1.1799213 2.6799213 0 P 0
L 1.1720473 2.7429134 1.1799213 2.7429134 0 P 0
L 1.1732284 1.2755906 1.1811024 1.2755906 0 P 0
L 1.1732284 1.3385827 1.1811024 1.3385827 0 P 0
L 1.1759843 1.030315 1.1838583 1.030315 0 P 0
L 1.1759843 1.1169292 1.1759843 1.1248032 0 P 0
L 1.1759843 1.1799213 1.1759843 1.1877953 0 P 0
L 1.1759843 2.526378 1.1838583 2.526378 0 P 0
L 1.1759843 2.6759843 1.1759843 2.6838583 0 P 0
L 1.1759843 2.7389764 1.1759843 2.7468504 0 P 0
L 1.1771654 1.2716536 1.1771654 1.2795276 0 P 0
L 1.1771654 1.3346457 1.1771654 1.3425197 0 P 0
L 1.1771654 2.5984252 1.1850394 2.5984252 0 P 0
L 1.1799213 1.026378 1.1799213 1.034252 0 P 0
L 1.1799213 2.522441 1.1799213 2.530315 0 P 0
L 1.1811024 2.1023622 1.1889764 2.1023622 0 P 0
L 1.1811024 2.2874016 1.1889764 2.2874016 0 P 0
L 1.1811024 2.5944882 1.1811024 2.6023622 0 P 0
L 1.1850394 2.0984252 1.1850394 2.1062992 0 P 0
L 1.1850394 2.2834646 1.1850394 2.2913386 0 P 0
L 1.2145669 0.9153543 1.2263779 0.9153543 0 P 0
L 1.2145669 2.8740157 1.2263779 2.8740157 0 P 0
L 1.2204724 0.9094488 1.2204724 0.9212598 0 P 0
L 1.2204724 2.8681102 1.2204724 2.8799212 0 P 0
L 1.2362205 2.4704724 1.2440945 2.4704724 0 P 0
L 1.2401575 2.4665354 1.2401575 2.4744094 0 P 0
L 1.2637795 1.4566929 1.2755905 1.4566929 0 P 0
L 1.2637795 1.9488189 1.2755905 1.9488189 0 P 0
L 1.269685 1.4507874 1.269685 1.4625984 0 P 0
L 1.269685 1.9429134 1.269685 1.9547244 0 P 0
L 1.2736221 0.9940945 1.2854331 0.9940945 0 P 0
L 1.2795276 0.988189 1.2795276 1 0 P 0
L 1.2952756 1.8996063 1.3031496 1.8996063 0 P 0
L 1.2992126 1.8956693 1.2992126 1.9035433 0 P 0
L 1.3307087 0.8464567 1.3464567 0.8464567 0 P 0
L 1.3326772 0.9547244 1.3444882 0.9547244 0 P 0
L 1.3326772 2.4311024 1.3444882 2.4311024 0 P 0
L 1.3385827 0.8385827 1.3385827 0.8543307 0 P 0
L 1.3385827 0.9488189 1.3385827 0.9606299 0 P 0
L 1.3385827 2.4251969 1.3385827 2.4370079 0 P 0
L 1.3931533 2.0073265 1.4010273 2.0073265 0 P 0
L 1.3970903 2.0033895 1.3970903 2.0112635 0 P 0
L 1.3996063 0.988189 1.4114173 0.988189 0 P 0
L 1.4015748 1.4665354 1.4133858 1.4665354 0 P 0
L 1.4015748 1.9389764 1.4133858 1.9389764 0 P 0
L 1.4055118 0.9822835 1.4055118 0.9940945 0 P 0
L 1.4074803 1.4606299 1.4074803 1.4724409 0 P 0
L 1.4074803 1.9330709 1.4074803 1.9448819 0 P 0
L 1.4094488 0.8464567 1.4251968 0.8464567 0 P 0
L 1.4114173 2.8740157 1.4232283 2.8740157 0 P 0
L 1.4173228 0.8385827 1.4173228 0.8543307 0 P 0
L 1.4173228 2.8681102 1.4173228 2.8799212 0 P 0
L 1.4183073 2.2379921 1.4261813 2.2379921 0 P 0
L 1.4222443 2.2340551 1.4222443 2.2419291 0 P 0
L 1.4232284 1.6141732 1.4311024 1.6141732 0 P 0
L 1.4271654 1.6102362 1.4271654 1.6181102 0 P 0
L 1.4311024 1.5649606 1.4429134 1.5649606 0 P 0
L 1.4311024 2.4311024 1.4429134 2.4311024 0 P 0
L 1.4311024 2.5 1.4429134 2.5 0 P 0
L 1.4370079 1.5590551 1.4370079 1.5708661 0 P 0
L 1.4370079 2.4251969 1.4370079 2.4370079 0 P 0
L 1.4370079 2.4940945 1.4370079 2.5059055 0 P 0
L 1.4448819 2.007874 1.4527559 2.007874 0 P 0
L 1.4488189 2.003937 1.4488189 2.011811 0 P 0
L 1.4495146 1.6874073 1.4573886 1.6874073 0 P 0
L 1.4534516 1.6834703 1.4534516 1.6913443 0 P 0
L 1.4685039 1.2007874 1.4763779 1.2007874 0 P 0
L 1.4724409 1.1968504 1.4724409 1.2047244 0 P 0
L 1.5 1.3484252 1.511811 1.3484252 0 P 0
L 1.5059055 1.3425197 1.5059055 1.3543307 0 P 0
L 1.5137795 2.3346457 1.5255905 2.3346457 0 P 0
L 1.519685 2.3287402 1.519685 2.3405512 0 P 0
L 1.5196851 1.8208661 1.5314961 1.8208661 0 P 0
L 1.5255906 1.8149606 1.5255906 1.8267716 0 P 0
L 1.5590551 1.2992126 1.5708661 1.2992126 0 P 0
L 1.5590551 2.234252 1.5708661 2.234252 0 P 0
L 1.5610236 2.5 1.5688976 2.5 0 P 0
L 1.5637365 1.4649176 1.5716105 1.4649176 0 P 0
L 1.5649606 1.2933071 1.5649606 1.3051181 0 P 0
L 1.5649606 2.2283465 1.5649606 2.2401575 0 P 0
L 1.5649606 2.496063 1.5649606 2.503937 0 P 0
L 1.5676735 1.4609806 1.5676735 1.4688546 0 P 0
L 1.6082677 2.8740157 1.6200787 2.8740157 0 P 0
L 1.6102362 1.3090551 1.6181102 1.3090551 0 P 0
L 1.6141732 1.3051181 1.6141732 1.3129921 0 P 0
L 1.6141732 2.8681102 1.6141732 2.8799212 0 P 0
L 1.6200787 2.273622 1.6279527 2.273622 0 P 0
L 1.6240157 2.269685 1.6240157 2.277559 0 P 0
L 1.6397638 1.7814961 1.6476378 1.7814961 0 P 0
L 1.6437008 1.7775591 1.6437008 1.7854331 0 P 0
L 1.6594488 1.8011811 1.6673228 1.8011811 0 P 0
L 1.6633858 1.7972441 1.6633858 1.8051181 0 P 0
L 1.6870079 2.519685 1.6988189 2.519685 0 P 0
L 1.6870079 2.6377953 1.6988189 2.6377953 0 P 0
L 1.6889764 1.9586614 1.6968504 1.9586614 0 P 0
L 1.6929134 1.9547244 1.6929134 1.9625984 0 P 0
L 1.6929134 2.5137795 1.6929134 2.5255905 0 P 0
L 1.6929134 2.6318898 1.6929134 2.6437008 0 P 0
L 1.7127486 2.2339696 1.7206226 2.2339696 0 P 0
L 1.7165354 2.1535433 1.7244094 2.1535433 0 P 0
L 1.7166856 2.2300326 1.7166856 2.2379066 0 P 0
L 1.7204724 2.1496063 1.7204724 2.1574803 0 P 0
L 1.726378 2.3228346 1.738189 2.3228346 0 P 0
L 1.7283465 1.6535433 1.7362205 1.6535433 0 P 0
L 1.7283465 1.8385827 1.7362205 1.8385827 0 P 0
L 1.7322835 1.6496063 1.7322835 1.6574803 0 P 0
L 1.7322835 1.8346457 1.7322835 1.8425197 0 P 0
L 1.7322835 2.3169291 1.7322835 2.3287401 0 P 0
L 1.738189 1.9783465 1.746063 1.9783465 0 P 0
L 1.742126 1.9744095 1.742126 1.9822835 0 P 0
L 1.7519685 1.8582677 1.7598425 1.8582677 0 P 0
L 1.7559055 1.8543307 1.7559055 1.8622047 0 P 0
L 1.7677165 2.7755906 1.7755905 2.7755906 0 P 0
L 1.7716535 2.7716536 1.7716535 2.7795276 0 P 0
L 1.7874016 2.0984252 1.7952756 2.0984252 0 P 0
L 1.7913386 2.0944882 1.7913386 2.1023622 0 P 0
L 1.7952756 1.515748 1.8031496 1.515748 0 P 0
L 1.7992126 1.511811 1.7992126 1.519685 0 P 0
L 1.8051181 2.2440945 1.8169291 2.2440945 0 P 0
L 1.8051181 2.519685 1.8169291 2.519685 0 P 0
L 1.8051181 2.6377953 1.8169291 2.6377953 0 P 0
L 1.8051181 2.7559055 1.8169291 2.7559055 0 P 0
L 1.8051181 2.8740157 1.8169291 2.8740157 0 P 0
L 1.8110236 2.238189 1.8110236 2.25 0 P 0
L 1.8110236 2.5137795 1.8110236 2.5255905 0 P 0
L 1.8110236 2.6318898 1.8110236 2.6437008 0 P 0
L 1.8110236 2.75 1.8110236 2.761811 0 P 0
L 1.8110236 2.8681102 1.8110236 2.8799212 0 P 0
L 1.8267717 1.9803149 1.8346457 1.9803149 0 P 0
L 1.8307087 1.9763779 1.8307087 1.9842519 0 P 0
L 1.8444882 0.8267717 1.8562992 0.8267717 0 P 0
L 1.8503937 0.8208662 1.8503937 0.8326772 0 P 0
L 1.8661417 1.8700787 1.8740157 1.8700787 0 P 0
L 1.8700787 1.8661417 1.8700787 1.8740157 0 P 0
L 1.8838583 1.023622 1.8956693 1.023622 0 P 0
L 1.8838583 1.7322835 1.8956693 1.7322835 0 P 0
L 1.8897638 1.0177165 1.8897638 1.0295275 0 P 0
L 1.8897638 1.726378 1.8897638 1.738189 0 P 0
L 1.9232284 2.3228346 1.9350394 2.3228346 0 P 0
L 1.9251969 2.7952756 1.9330709 2.7952756 0 P 0
L 1.9291339 2.3169291 1.9291339 2.3287401 0 P 0
L 1.9291339 2.7913386 1.9291339 2.7992126 0 P 0
L 1.9625984 1.6535433 1.9744094 1.6535433 0 P 0
L 1.9685039 1.6476378 1.9685039 1.6594488 0 P 0
L 1.972441 1.0137795 1.984252 1.0137795 0 P 0
L 1.9783465 1.007874 1.9783465 1.019685 0 P 0
L 2.0019685 1.1417323 2.0137795 1.1417323 0 P 0
L 2.0019685 2.2440945 2.0137795 2.2440945 0 P 0
L 2.0019685 2.6771654 2.0137795 2.6771654 0 P 0
L 2.0019685 2.8740157 2.0137795 2.8740157 0 P 0
L 2.007874 1.1358268 2.007874 1.1476378 0 P 0
L 2.007874 2.238189 2.007874 2.25 0 P 0
L 2.007874 2.6712599 2.007874 2.6830709 0 P 0
L 2.007874 2.8681102 2.007874 2.8799212 0 P 0
L 2.011811 1.0629921 2.023622 1.0629921 0 P 0
L 2.0177165 1.0570866 2.0177165 1.0688976 0 P 0
L 2.0610236 1.0629921 2.0728346 1.0629921 0 P 0
L 2.0669291 1.0570866 2.0669291 1.0688976 0 P 0
L 2.0669291 2.2047244 2.0748031 2.2047244 0 P 0
L 2.0693343 2.1283895 2.0772083 2.1283895 0 P 0
L 2.0708661 2.007874 2.0787401 2.007874 0 P 0
L 2.0708661 2.2007874 2.0708661 2.2086614 0 P 0
L 2.0728347 1.8188976 2.0807087 1.8188976 0 P 0
L 2.0732713 2.1244525 2.0732713 2.1323265 0 P 0
L 2.0748031 1.6535433 2.0826771 1.6535433 0 P 0
L 2.0748031 1.7224409 2.0826771 1.7224409 0 P 0
L 2.0748031 2.003937 2.0748031 2.011811 0 P 0
L 2.0767717 1.8149606 2.0767717 1.8228346 0 P 0
L 2.0787401 1.6496063 2.0787401 1.6574803 0 P 0
L 2.0787401 1.7185039 2.0787401 1.7263779 0 P 0
L 2.0807087 2.3228346 2.0925197 2.3228346 0 P 0
L 2.0815703 1.9803149 2.0894443 1.9803149 0 P 0
L 2.0855073 1.9763779 2.0855073 1.9842519 0 P 0
L 2.0866142 2.3169291 2.0866142 2.3287401 0 P 0
L 2.0866142 2.7362205 2.1259842 2.7362205 0 P 0
L 2.0866142 2.8149607 2.1259842 2.8149607 0 P 0
L 2.1003937 1.0137795 2.1122047 1.0137795 0 P 0
L 2.1062992 1.007874 2.1062992 1.019685 0 P 0
L 2.1062992 2.7165355 2.1062992 2.7559055 0 P 0
L 2.1062992 2.7952757 2.1062992 2.8346457 0 P 0
L 2.1200788 1.2204724 2.1318898 1.2204724 0 P 0
L 2.1259843 1.2145669 2.1259843 1.2263779 0 P 0
L 2.1594488 0.8267717 2.1712598 0.8267717 0 P 0
L 2.1594488 2.5590551 2.1712598 2.5590551 0 P 0
L 2.1594488 2.5984252 2.1712598 2.5984252 0 P 0
L 2.1653543 0.8208662 2.1653543 0.8326772 0 P 0
L 2.1653543 2.5531496 2.1653543 2.5649606 0 P 0
L 2.1653543 2.5925197 2.1653543 2.6043307 0 P 0
L 2.1653544 2.7362205 2.2047244 2.7362205 0 P 0
L 2.1653544 2.8149607 2.2047244 2.8149607 0 P 0
L 2.1712599 2.2440945 2.1791339 2.2440945 0 P 0
L 2.1751969 2.2401575 2.1751969 2.2480315 0 P 0
L 2.1850394 2.7165355 2.1850394 2.7559055 0 P 0
L 2.1850394 2.7952757 2.1850394 2.8346457 0 P 0
L 2.2003878 1.6889764 2.2082618 1.6889764 0 P 0
L 2.2043248 1.6850394 2.2043248 1.6929134 0 P 0
L 2.2086614 1.7244094 2.2165354 1.7244094 0 P 0
L 2.2106299 1.988189 2.2185039 1.988189 0 P 0
L 2.2106299 2.1181102 2.2185039 2.1181102 0 P 0
L 2.2125984 1.7204724 2.2125984 1.7283464 0 P 0
L 2.2145669 1.984252 2.2145669 1.992126 0 P 0
L 2.2145669 2.1141732 2.2145669 2.1220472 0 P 0
L 2.2204724 1.6437008 2.2283464 1.6437008 0 P 0
L 2.2204724 1.8070866 2.2283464 1.8070866 0 P 0
L 2.2244094 1.6397638 2.2244094 1.6476378 0 P 0
L 2.2244094 1.8031496 2.2244094 1.8110236 0 P 0
L 2.2244095 1.3672652 2.2322835 1.3672652 0 P 0
L 2.2283465 1.3633282 2.2283465 1.3712022 0 P 0
L 2.238189 1.2204724 2.25 1.2204724 0 P 0
L 2.238189 2.8740157 2.25 2.8740157 0 P 0
L 2.2401575 2.1220473 2.2480315 2.1220473 0 P 0
L 2.2440945 1.2145669 2.2440945 1.2263779 0 P 0
L 2.2440945 2.1181103 2.2440945 2.1259843 0 P 0
L 2.2440945 2.7362205 2.2834645 2.7362205 0 P 0
L 2.2440945 2.8149607 2.2834645 2.8149607 0 P 0
L 2.2440945 2.8681102 2.2440945 2.8799212 0 P 0
L 2.2480315 1.2795276 2.2559055 1.2795276 0 P 0
L 2.2480315 1.6653543 2.2559055 1.6653543 0 P 0
L 2.25 1.988189 2.257874 1.988189 0 P 0
L 2.2519685 1.2755906 2.2519685 1.2834646 0 P 0
L 2.2519685 1.6614173 2.2519685 1.6692913 0 P 0
L 2.253937 1.984252 2.253937 1.992126 0 P 0
L 2.2559055 1.3070866 2.2637795 1.3070866 0 P 0
L 2.2559055 1.3661417 2.2637795 1.3661417 0 P 0
L 2.2598425 1.3031496 2.2598425 1.3110236 0 P 0
L 2.2598425 1.3622047 2.2598425 1.3700787 0 P 0
L 2.2598425 1.8070867 2.2677165 1.8070867 0 P 0
L 2.2637795 1.3385827 2.2716535 1.3385827 0 P 0
L 2.2637795 1.8031497 2.2637795 1.8110237 0 P 0
L 2.2637795 2.7165355 2.2637795 2.7559055 0 P 0
L 2.2637795 2.7952757 2.2637795 2.8346457 0 P 0
L 2.2677165 1.3346457 2.2677165 1.3425197 0 P 0
L 2.269685 1.8543307 2.277559 1.8543307 0 P 0
L 2.273622 1.8503937 2.273622 1.8582677 0 P 0
L 2.2795276 2.6338583 2.2874016 2.6338583 0 P 0
L 2.2834646 2.6299213 2.2834646 2.6377953 0 P 0
L 2.2935049 1.2344498 2.3013789 1.2344498 0 P 0
L 2.2952756 1.2716535 2.3031496 1.2716535 0 P 0
L 2.2974419 1.2305128 2.2974419 1.2383868 0 P 0
L 2.2992126 1.2677165 2.2992126 1.2755905 0 P 0
L 2.3046814 2.584209 2.3125554 2.584209 0 P 0
L 2.3070866 0.8661417 2.3188976 0.8661417 0 P 0
L 2.3086184 2.580272 2.3086184 2.588146 0 P 0
L 2.3129921 0.8602362 2.3129921 0.8720472 0 P 0
L 2.3228347 2.7362205 2.3622047 2.7362205 0 P 0
L 2.3228347 2.8149607 2.3622047 2.8149607 0 P 0
L 2.3267717 2.2204724 2.3346457 2.2204724 0 P 0
L 2.3307087 2.2165354 2.3307087 2.2244094 0 P 0
L 2.3346457 2.480315 2.3425197 2.480315 0 P 0
L 2.3385827 2.476378 2.3385827 2.484252 0 P 0
L 2.3425197 2.7165355 2.3425197 2.7559055 0 P 0
L 2.3425197 2.7952757 2.3425197 2.8346457 0 P 0
L 2.3582677 2.4114173 2.3661417 2.4114173 0 P 0
L 2.3582678 2.3070868 2.3661418 2.3070868 0 P 0
L 2.3582678 2.3346458 2.3661418 2.3346458 0 P 0
L 2.3582678 2.3622048 2.3661418 2.3622048 0 P 0
L 2.3622047 2.4074803 2.3622047 2.4153543 0 P 0
L 2.3622048 2.3031498 2.3622048 2.3110238 0 P 0
L 2.3622048 2.3307088 2.3622048 2.3385828 0 P 0
L 2.3622048 2.3582678 2.3622048 2.3661418 0 P 0
L 2.3740157 1.7954797 2.3818897 1.7954797 0 P 0
L 2.3740157 1.8405512 2.3818897 1.8405512 0 P 0
L 2.3740157 1.8996063 2.3818897 1.8996063 0 P 0
L 2.3740157 1.9783465 2.3818897 1.9783465 0 P 0
L 2.3740157 2.1161417 2.3818897 2.1161417 0 P 0
L 2.375063 1.753 2.382937 1.753 0 P 0
L 2.3779527 1.7915427 2.3779527 1.7994167 0 P 0
L 2.3779527 1.8366142 2.3779527 1.8444882 0 P 0
L 2.3779527 1.8956693 2.3779527 1.9035433 0 P 0
L 2.3779527 1.9744095 2.3779527 1.9822835 0 P 0
L 2.3779527 2.1122047 2.3779527 2.1200787 0 P 0
L 2.3779528 2.6299213 2.3858268 2.6299213 0 P 0
L 2.379 1.749063 2.379 1.756937 0 P 0
L 2.3818898 1.2874016 2.3897638 1.2874016 0 P 0
L 2.3818898 1.4251969 2.3897638 1.4251969 0 P 0
L 2.3818898 2.6259843 2.3818898 2.6338583 0 P 0
L 2.3838583 1.3915813 2.3917323 1.3915813 0 P 0
L 2.3858268 1.2834646 2.3858268 1.2913386 0 P 0
L 2.3858268 1.4212599 2.3858268 1.4291339 0 P 0
L 2.3877953 1.3876443 2.3877953 1.3955183 0 P 0
L 2.3976378 1.7401575 2.4055118 1.7401575 0 P 0
L 2.4015748 1.7362205 2.4015748 1.7440945 0 P 0
L 2.4015748 2.7362205 2.4409448 2.7362205 0 P 0
L 2.4015748 2.8149607 2.4409448 2.8149607 0 P 0
L 2.4055118 0.8267717 2.4173228 0.8267717 0 P 0
L 2.4055118 0.8858268 2.4173228 0.8858268 0 P 0
L 2.4055118 2.3622047 2.4133858 2.3622047 0 P 0
L 2.4094488 2.3582677 2.4094488 2.3661417 0 P 0
L 2.4114173 0.8208662 2.4114173 0.8326772 0 P 0
L 2.4114173 0.8799213 2.4114173 0.8917323 0 P 0
L 2.4173228 1.1889764 2.4251968 1.1889764 0 P 0
L 2.4212598 1.1850394 2.4212598 1.1929134 0 P 0
L 2.4212598 2.7165355 2.4212598 2.7559055 0 P 0
L 2.4212598 2.7952757 2.4212598 2.8346457 0 P 0
L 2.4212599 1.3543307 2.4291339 1.3543307 0 P 0
L 2.4251969 1.3503937 2.4251969 1.3582677 0 P 0
L 2.4330709 1.4744095 2.4409449 1.4744095 0 P 0
L 2.4350394 1.7716535 2.4468504 1.7716535 0 P 0
L 2.4350394 1.8503937 2.4468504 1.8503937 0 P 0
L 2.4350394 1.9685039 2.4468504 1.9685039 0 P 0
L 2.4370079 1.4704725 2.4370079 1.4783465 0 P 0
L 2.4409449 1.765748 2.4409449 1.777559 0 P 0
L 2.4409449 1.8444882 2.4409449 1.8562992 0 P 0
L 2.4409449 1.9625984 2.4409449 1.9744094 0 P 0
L 2.4488189 2.4685039 2.4566929 2.4685039 0 P 0
L 2.4527559 2.4645669 2.4527559 2.4724409 0 P 0
L 2.4551302 2.5828319 2.4630042 2.5828319 0 P 0
L 2.4566929 2.0570866 2.4645669 2.0570866 0 P 0
L 2.4590672 2.5788949 2.4590672 2.5867689 0 P 0
L 2.4606299 2.0531496 2.4606299 2.0610236 0 P 0
L 2.4625984 1.0433071 2.4783464 1.0433071 0 P 0
L 2.4645669 2.1968504 2.4724409 2.1968504 0 P 0
L 2.4685039 2.1929134 2.4685039 2.2007874 0 P 0
L 2.4704724 1.0354331 2.4704724 1.0511811 0 P 0
L 2.4744095 2.8740157 2.4862205 2.8740157 0 P 0
L 2.476378 2.0275591 2.484252 2.0275591 0 P 0
L 2.480315 2.0236221 2.480315 2.0314961 0 P 0
L 2.480315 2.8681102 2.480315 2.8799212 0 P 0
L 2.496063 1.1889764 2.503937 1.1889764 0 P 0
L 2.496063 2.1968504 2.503937 2.1968504 0 P 0
L 2.5 1.1850394 2.5 1.1929134 0 P 0
L 2.5 2.1929134 2.5 2.2007874 0 P 0
L 2.5059055 1.3660298 2.5137795 1.3660298 0 P 0
L 2.5098425 1.3620928 2.5098425 1.3699668 0 P 0
L 2.5137795 0.8464567 2.5255905 0.8464567 0 P 0
L 2.5137795 0.8956693 2.5255905 0.8956693 0 P 0
L 2.5137795 1.8110236 2.5255905 1.8110236 0 P 0
L 2.5137795 1.9291339 2.5255905 1.9291339 0 P 0
L 2.515748 1.480315 2.523622 1.480315 0 P 0
L 2.519685 0.8405512 2.519685 0.8523622 0 P 0
L 2.519685 0.8897638 2.519685 0.9015748 0 P 0
L 2.519685 1.476378 2.519685 1.484252 0 P 0
L 2.519685 1.8051181 2.519685 1.8169291 0 P 0
L 2.519685 1.9232284 2.519685 1.9350394 0 P 0
L 2.5255906 2.4114173 2.5334646 2.4114173 0 P 0
L 2.5255906 2.4704724 2.5334646 2.4704724 0 P 0
L 2.5275591 2.2047244 2.5354331 2.2047244 0 P 0
L 2.5295276 2.4074803 2.5295276 2.4153543 0 P 0
L 2.5295276 2.4665354 2.5295276 2.4744094 0 P 0
L 2.5314961 1.3818898 2.5393701 1.3818898 0 P 0
L 2.5314961 2.2007874 2.5314961 2.2086614 0 P 0
L 2.5354331 1.3779528 2.5354331 1.3858268 0 P 0
L 2.5472441 1.3228346 2.5551181 1.3228346 0 P 0
L 2.5511811 1.3188976 2.5511811 1.3267716 0 P 0
L 2.5551181 1.2874016 2.5629921 1.2874016 0 P 0
L 2.5551181 2.3818898 2.5629921 2.3818898 0 P 0
L 2.5590551 1.2834646 2.5590551 1.2913386 0 P 0
L 2.5590551 2.3779528 2.5590551 2.3858268 0 P 0
L 2.5708252 0.8916913 2.5786992 0.8916913 0 P 0
L 2.5747622 0.8877543 2.5747622 0.8956283 0 P 0
L 2.5748032 1.484252 2.5826772 1.484252 0 P 0
L 2.5748032 2.3228346 2.5826772 2.3228346 0 P 0
L 2.5787402 1.480315 2.5787402 1.488189 0 P 0
L 2.5787402 2.3188976 2.5787402 2.3267716 0 P 0
L 2.5787402 2.7362205 2.6181102 2.7362205 0 P 0
L 2.5787402 2.8149607 2.6181102 2.8149607 0 P 0
L 2.59051 2.222441 2.598384 2.222441 0 P 0
L 2.5925197 1.7716535 2.6043307 1.7716535 0 P 0
L 2.5925197 1.8503937 2.6043307 1.8503937 0 P 0
L 2.5925197 1.9291339 2.6043307 1.9291339 0 P 0
L 2.5925197 2.007874 2.6043307 2.007874 0 P 0
L 2.594447 2.218504 2.594447 2.226378 0 P 0
L 2.5944882 1.2007874 2.6023622 1.2007874 0 P 0
L 2.5984252 1.1968504 2.5984252 1.2047244 0 P 0
L 2.5984252 1.765748 2.5984252 1.777559 0 P 0
L 2.5984252 1.8444882 2.5984252 1.8562992 0 P 0
L 2.5984252 1.9232284 2.5984252 1.9350394 0 P 0
L 2.5984252 2.0019685 2.5984252 2.0137795 0 P 0
L 2.5984252 2.7165355 2.5984252 2.7559055 0 P 0
L 2.5984252 2.7952757 2.5984252 2.8346457 0 P 0
L 2.6043307 2.6181102 2.6122047 2.6181102 0 P 0
L 2.6082677 2.6141732 2.6082677 2.6220472 0 P 0
L 2.6181102 2.3937008 2.6259842 2.3937008 0 P 0
L 2.6220472 2.3897638 2.6220472 2.3976378 0 P 0
L 2.6220473 1.484252 2.6299213 1.484252 0 P 0
L 2.6259843 1.480315 2.6259843 1.488189 0 P 0
L 2.6338583 1.1023622 2.6417323 1.1023622 0 P 0
L 2.6338583 1.3267717 2.6417323 1.3267717 0 P 0
L 2.6338583 2.222441 2.6417323 2.222441 0 P 0
L 2.6338583 2.5885827 2.6417323 2.5885827 0 P 0
L 2.6357977 2.3444591 2.6436717 2.3444591 0 P 0
L 2.6377953 1.0984252 2.6377953 1.1062992 0 P 0
L 2.6377953 1.3228347 2.6377953 1.3307087 0 P 0
L 2.6377953 2.218504 2.6377953 2.226378 0 P 0
L 2.6377953 2.5846457 2.6377953 2.5925197 0 P 0
L 2.6397347 2.3405221 2.6397347 2.3483961 0 P 0
L 2.6535433 1.2007874 2.6614173 1.2007874 0 P 0
L 2.6574803 1.1968504 2.6574803 1.2047244 0 P 0
L 2.6574803 1.511811 2.6653543 1.511811 0 P 0
L 2.6574804 2.7362205 2.6968504 2.7362205 0 P 0
L 2.6574804 2.8149607 2.6968504 2.8149607 0 P 0
L 2.6614173 1.507874 2.6614173 1.515748 0 P 0
L 2.6712599 1.0629921 2.6830709 1.0629921 0 P 0
L 2.6712599 1.1417323 2.6830709 1.1417323 0 P 0
L 2.6712599 1.7716535 2.6830709 1.7716535 0 P 0
L 2.6712599 2.007874 2.6830709 2.007874 0 P 0
L 2.6732284 0.9448819 2.6811024 0.9448819 0 P 0
L 2.6732284 1.0137795 2.6811024 1.0137795 0 P 0
L 2.6771654 0.9409449 2.6771654 0.9488189 0 P 0
L 2.6771654 1.0098425 2.6771654 1.0177165 0 P 0
L 2.6771654 1.0570866 2.6771654 1.0688976 0 P 0
L 2.6771654 1.1358268 2.6771654 1.1476378 0 P 0
L 2.6771654 1.765748 2.6771654 1.777559 0 P 0
L 2.6771654 2.0019685 2.6771654 2.0137795 0 P 0
L 2.6771654 2.7165355 2.6771654 2.7559055 0 P 0
L 2.6771654 2.7952757 2.6771654 2.8346457 0 P 0
L 2.6850394 1.507874 2.6929134 1.507874 0 P 0
L 2.6889764 1.503937 2.6889764 1.511811 0 P 0
L 2.6934609 0.8962168 2.7013349 0.8962168 0 P 0
L 2.6973979 0.8922798 2.6973979 0.9001538 0 P 0
L 2.7007874 1.3779528 2.7086614 1.3779528 0 P 0
L 2.7027558 2.5984251 2.7106298 2.5984251 0 P 0
L 2.7047244 1.3740158 2.7047244 1.3818898 0 P 0
L 2.7047244 2.2204724 2.7125984 2.2204724 0 P 0
L 2.7066928 2.5944881 2.7066928 2.6023621 0 P 0
L 2.7086614 1.4724409 2.7165354 1.4724409 0 P 0
L 2.7086614 2.2165354 2.7086614 2.2244094 0 P 0
L 2.7125984 1.2007874 2.7204724 1.2007874 0 P 0
L 2.7125984 1.4685039 2.7125984 1.4763779 0 P 0
L 2.7125984 2.5 2.7204724 2.5 0 P 0
L 2.7165354 1.1968504 2.7165354 1.2047244 0 P 0
L 2.7165354 2.0314961 2.7244094 2.0314961 0 P 0
L 2.7165354 2.496063 2.7165354 2.503937 0 P 0
L 2.7204724 2.0275591 2.7204724 2.0354331 0 P 0
L 2.7322835 2.2086614 2.7401575 2.2086614 0 P 0
L 2.7362205 2.2047244 2.7362205 2.2125984 0 P 0
L 2.7362205 2.7362205 2.7755905 2.7362205 0 P 0
L 2.7362205 2.8149607 2.7755905 2.8149607 0 P 0
L 2.7480315 2.3267717 2.7559055 2.3267717 0 P 0
L 2.75 2.007874 2.761811 2.007874 0 P 0
L 2.7507874 0.8944882 2.7586614 0.8944882 0 P 0
L 2.7519685 2.0551181 2.7598425 2.0551181 0 P 0
L 2.7519685 2.3228347 2.7519685 2.3307087 0 P 0
L 2.7519685 2.3917323 2.7598425 2.3917323 0 P 0
L 2.7547244 0.8905512 2.7547244 0.8984252 0 P 0
L 2.7559055 2.0019685 2.7559055 2.0137795 0 P 0
L 2.7559055 2.0511811 2.7559055 2.0590551 0 P 0
L 2.7559055 2.3877953 2.7559055 2.3956693 0 P 0
L 2.7559055 2.7165355 2.7559055 2.7559055 0 P 0
L 2.7559055 2.7952757 2.7559055 2.8346457 0 P 0
L 2.7598425 1.4724409 2.7677165 1.4724409 0 P 0
L 2.761811 2.5295276 2.769685 2.5295276 0 P 0
L 2.7637795 1.3818898 2.7716535 1.3818898 0 P 0
L 2.7637795 1.4685039 2.7637795 1.4763779 0 P 0
L 2.765748 2.5255906 2.765748 2.5334646 0 P 0
L 2.7677165 1.3779528 2.7677165 1.3858268 0 P 0
L 2.7677165 2.2244094 2.7755905 2.2244094 0 P 0
L 2.7716535 2.2204724 2.7716535 2.2283464 0 P 0
L 2.7716536 1.2047244 2.7795276 1.2047244 0 P 0
L 2.7755906 1.2007874 2.7755906 1.2086614 0 P 0
L 2.7834646 2.0551181 2.7913386 2.0551181 0 P 0
L 2.7873254 0.88352 2.7951994 0.88352 0 P 0
L 2.7874016 2.0511811 2.7874016 2.0590551 0 P 0
L 2.7893701 2.8740157 2.8011811 2.8740157 0 P 0
L 2.7912624 0.879583 2.7912624 0.887457 0 P 0
L 2.7952756 2.2125984 2.8031496 2.2125984 0 P 0
L 2.7952756 2.8681102 2.7952756 2.8799212 0 P 0
L 2.7992126 2.2086614 2.7992126 2.2165354 0 P 0
L 2.8011811 1.2007874 2.8090551 1.2007874 0 P 0
L 2.8011811 2.5 2.8090551 2.5 0 P 0
L 2.8051181 1.1968504 2.8051181 1.2047244 0 P 0
L 2.8051181 2.496063 2.8051181 2.503937 0 P 0
L 2.8149607 2.7362205 2.8543307 2.7362205 0 P 0
L 2.8149607 2.8149607 2.8543307 2.8149607 0 P 0
L 2.8208661 0.8759843 2.8287401 0.8759843 0 P 0
L 2.8248031 0.8720473 2.8248031 0.8799213 0 P 0
L 2.8287402 2.007874 2.8405512 2.007874 0 P 0
L 2.8346457 2.0019685 2.8346457 2.0137795 0 P 0
L 2.8346457 2.7165355 2.8346457 2.7559055 0 P 0
L 2.8346457 2.7952757 2.8346457 2.8346457 0 P 0
L 2.8405512 1.1909449 2.8484252 1.1909449 0 P 0
L 2.8444882 1.1870079 2.8444882 1.1948819 0 P 0
L 2.8503937 1.3385827 2.8582677 1.3385827 0 P 0
L 2.8543307 1.3346457 2.8543307 1.3425197 0 P 0
L 2.8700787 1.507874 2.8779527 1.507874 0 P 0
L 2.8700787 2.6673228 2.8779527 2.6673228 0 P 0
L 2.8740157 1.503937 2.8740157 1.511811 0 P 0
L 2.8740157 2.6633858 2.8740157 2.6712598 0 P 0
L 2.8858268 2.0590551 2.8937008 2.0590551 0 P 0
L 2.8897638 2.0551181 2.8897638 2.0629921 0 P 0
L 2.8937008 2.2165354 2.9015748 2.2165354 0 P 0
L 2.8937008 2.7362205 2.9330708 2.7362205 0 P 0
L 2.8937008 2.8149607 2.9330708 2.8149607 0 P 0
L 2.8976378 1.511811 2.9055118 1.511811 0 P 0
L 2.8976378 2.2125984 2.8976378 2.2204724 0 P 0
L 2.8996063 1.0925197 2.9074803 1.0925197 0 P 0
L 2.9015748 1.507874 2.9015748 1.515748 0 P 0
L 2.9035433 1.0885827 2.9035433 1.0964567 0 P 0
L 2.9074803 1.7716535 2.9192913 1.7716535 0 P 0
L 2.9074803 1.8503937 2.9192913 1.8503937 0 P 0
L 2.9074803 1.9291339 2.9192913 1.9291339 0 P 0
L 2.9094488 2.1220472 2.9173228 2.1220472 0 P 0
L 2.9133858 1.765748 2.9133858 1.777559 0 P 0
L 2.9133858 1.8444882 2.9133858 1.8562992 0 P 0
L 2.9133858 1.9232284 2.9133858 1.9350394 0 P 0
L 2.9133858 2.1181102 2.9133858 2.1259842 0 P 0
L 2.9133858 2.7165355 2.9133858 2.7559055 0 P 0
L 2.9133858 2.7952757 2.9133858 2.8346457 0 P 0
L 2.9192914 1.234252 2.9271654 1.234252 0 P 0
L 2.9212599 2.2165354 2.9291339 2.2165354 0 P 0
L 2.9232284 1.230315 2.9232284 1.238189 0 P 0
L 2.9251969 2.2125984 2.9251969 2.2204724 0 P 0
L 2.9291339 1.511811 2.9370079 1.511811 0 P 0
L 2.9291339 2.5039371 2.9370079 2.5039371 0 P 0
L 2.9330709 1.507874 2.9330709 1.515748 0 P 0
L 2.9330709 2.5000001 2.9330709 2.5078741 0 P 0
L 2.9488189 1.8503937 2.9566929 1.8503937 0 P 0
L 2.9527559 1.8464567 2.9527559 1.8543307 0 P 0
L 2.9566929 1.515748 2.9645669 1.515748 0 P 0
L 2.9606299 1.511811 2.9606299 1.519685 0 P 0
L 2.9645669 1.6338583 2.9724409 1.6338583 0 P 0
L 2.9667654 2.6478678 2.9746394 2.6478678 0 P 0
L 2.9685039 1.6299213 2.9685039 1.6377953 0 P 0
L 2.9685039 2.726378 2.9763779 2.726378 0 P 0
L 2.9707024 2.6439308 2.9707024 2.6518048 0 P 0
L 2.9724409 2.722441 2.9724409 2.730315 0 P 0
L 2.975063 1.166 2.982937 1.166 0 P 0
L 2.976378 1.6614173 2.984252 1.6614173 0 P 0
L 2.976378 1.8346457 2.984252 1.8346457 0 P 0
L 2.9783465 1.3287402 2.9862205 1.3287402 0 P 0
L 2.979 1.162063 2.979 1.169937 0 P 0
L 2.980315 1.6574803 2.980315 1.6653543 0 P 0
L 2.980315 1.8307087 2.980315 1.8385827 0 P 0
L 2.980315 2.2244094 2.988189 2.2244094 0 P 0
L 2.9822835 1.3248032 2.9822835 1.3326772 0 P 0
L 2.984252 1.6102362 2.992126 1.6102362 0 P 0
L 2.984252 1.6889764 2.992126 1.6889764 0 P 0
L 2.984252 2.2204724 2.984252 2.2283464 0 P 0
L 2.9862205 2.1653543 2.9980315 2.1653543 0 P 0
L 2.988189 1.6062992 2.988189 1.6141732 0 P 0
L 2.988189 1.6850394 2.988189 1.6929134 0 P 0
L 2.992126 2.1594488 2.992126 2.1712598 0 P 0
L 2.996063 1.519685 3.003937 1.519685 0 P 0
L 3 1.515748 3 1.523622 0 P 0
L 3.007874 1.2047244 3.015748 1.2047244 0 P 0
L 3.011811 1.2007874 3.011811 1.2086614 0 P 0
L 3.0255906 1.8503937 3.0374016 1.8503937 0 P 0
L 3.0255906 2.0472441 3.0374016 2.0472441 0 P 0
L 3.0255906 2.503937 3.0374016 2.503937 0 P 0
L 3.0275591 1.3779528 3.0354331 1.3779528 0 P 0
L 3.0314961 1.3740158 3.0314961 1.3818898 0 P 0
L 3.0314961 1.8444882 3.0314961 1.8562992 0 P 0
L 3.0314961 2.0413386 3.0314961 2.0531496 0 P 0
L 3.0314961 2.4980315 3.0314961 2.5098425 0 P 0
L 3.0393701 1.3267717 3.0472441 1.3267717 0 P 0
L 3.0393701 2.0826772 3.0472441 2.0826772 0 P 0
L 3.0393701 2.3779528 3.0472441 2.3779528 0 P 0
L 3.0413385 2.3504641 3.0492125 2.3504641 0 P 0
L 3.0433071 1.3228347 3.0433071 1.3307087 0 P 0
L 3.0433071 2.0787402 3.0433071 2.0866142 0 P 0
L 3.0433071 2.3740158 3.0433071 2.3818898 0 P 0
L 3.0452755 2.3465271 3.0452755 2.3544011 0 P 0
L 3.0472441 2.2244094 3.0551181 2.2244094 0 P 0
L 3.0511811 1.6062992 3.0590551 1.6062992 0 P 0
L 3.0511811 2.2204724 3.0511811 2.2283464 0 P 0
L 3.0551181 1.6023622 3.0551181 1.6102362 0 P 0
L 3.0590551 1.8818898 3.0669291 1.8818898 0 P 0
L 3.0629921 1.8779528 3.0629921 1.8858268 0 P 0
L 3.0629921 2.511811 3.0708661 2.511811 0 P 0
L 3.0649606 1.9685039 3.0767716 1.9685039 0 P 0
L 3.0669291 1.2047244 3.0748031 1.2047244 0 P 0
L 3.0669291 2.507874 3.0669291 2.515748 0 P 0
L 3.0708661 1.2007874 3.0708661 1.2086614 0 P 0
L 3.0708661 1.9625984 3.0708661 1.9744094 0 P 0
L 3.0787402 1.9015748 3.0866142 1.9015748 0 P 0
L 3.0826772 1.8976378 3.0826772 1.9055118 0 P 0
L 3.085659 2.3277269 3.093533 2.3277269 0 P 0
L 3.0866142 1.1811024 3.0944882 1.1811024 0 P 0
L 3.0866142 1.6811024 3.0944882 1.6811024 0 P 0
L 3.089596 2.3237899 3.089596 2.3316639 0 P 0
L 3.0905512 1.1771654 3.0905512 1.1850394 0 P 0
L 3.0905512 1.6771654 3.0905512 1.6850394 0 P 0
L 3.0939744 2.1603898 3.1018484 2.1603898 0 P 0
L 3.0979114 2.1564528 3.0979114 2.1643268 0 P 0
L 3.0984252 2.0590551 3.1062992 2.0590551 0 P 0
L 3.1023622 2.0314961 3.1102362 2.0314961 0 P 0
L 3.1023622 2.0551181 3.1023622 2.0629921 0 P 0
L 3.104063 1.649 3.111937 1.649 0 P 0
L 3.1043307 1.8897638 3.1161417 1.8897638 0 P 0
L 3.1043307 1.9291339 3.1161417 1.9291339 0 P 0
L 3.1043307 2.5590551 3.1161417 2.5590551 0 P 0
L 3.1062992 2.003937 3.1141732 2.003937 0 P 0
L 3.1062992 2.0275591 3.1062992 2.0354331 0 P 0
L 3.1062992 2.1850394 3.1141732 2.1850394 0 P 0
L 3.108 1.645063 3.108 1.652937 0 P 0
L 3.1102362 1.6023622 3.1181102 1.6023622 0 P 0
L 3.1102362 1.8838583 3.1102362 1.8956693 0 P 0
L 3.1102362 1.9232284 3.1102362 1.9350394 0 P 0
L 3.1102362 2 3.1102362 2.007874 0 P 0
L 3.1102362 2.1338583 3.1181102 2.1338583 0 P 0
L 3.1102362 2.1811024 3.1102362 2.1889764 0 P 0
L 3.1102362 2.5531496 3.1102362 2.5649606 0 P 0
L 3.1141732 1.5984252 3.1141732 1.6062992 0 P 0
L 3.1141732 2.1299213 3.1141732 2.1377953 0 P 0
L 3.1181102 2.0826772 3.1259842 2.0826772 0 P 0
L 3.1220472 2.0787402 3.1220472 2.0866142 0 P 0
L 3.1259843 1.6771654 3.1338583 1.6771654 0 P 0
L 3.1259843 1.7834646 3.1338583 1.7834646 0 P 0
L 3.1259843 1.8464567 3.1338583 1.8464567 0 P 0
L 3.1259843 1.9566929 3.1338583 1.9566929 0 P 0
L 3.1259843 1.984252 3.1338583 1.984252 0 P 0
L 3.1298388 2.1102773 3.1377128 2.1102773 0 P 0
L 3.1299213 1.6732284 3.1299213 1.6811024 0 P 0
L 3.1299213 1.7795276 3.1299213 1.7874016 0 P 0
L 3.1299213 1.8425197 3.1299213 1.8503937 0 P 0
L 3.1299213 1.9527559 3.1299213 1.9606299 0 P 0
L 3.1299213 1.980315 3.1299213 1.988189 0 P 0
L 3.1337758 2.1063403 3.1337758 2.1142143 0 P 0
L 3.1437008 0.9055118 3.1555118 0.9055118 0 P 0
L 3.1437008 2.515748 3.1555118 2.515748 0 P 0
L 3.1456693 1.1811024 3.1535433 1.1811024 0 P 0
L 3.1496063 0.8996063 3.1496063 0.9114173 0 P 0
L 3.1496063 1.1771654 3.1496063 1.1850394 0 P 0
L 3.1496063 2.5098425 3.1496063 2.5216535 0 P 0
L 3.1555118 1.003937 3.1633858 1.003937 0 P 0
L 3.1555118 1.3779528 3.1633858 1.3779528 0 P 0
L 3.1594488 1 3.1594488 1.007874 0 P 0
L 3.1594488 1.3740158 3.1594488 1.3818898 0 P 0
L 3.1830709 2.2834646 3.1948819 2.2834646 0 P 0
L 3.1830709 2.519685 3.1948819 2.519685 0 P 0
L 3.1830709 2.8740157 3.1948819 2.8740157 0 P 0
L 3.1889764 2.2775591 3.1889764 2.2893701 0 P 0
L 3.1889764 2.5137795 3.1889764 2.5255905 0 P 0
L 3.1889764 2.8681102 3.1889764 2.8799212 0 P 0
L 3.1948819 2.7066929 3.2027559 2.7066929 0 P 0
L 3.1988189 2.7027559 3.1988189 2.7106299 0 P 0
L 3.2047244 2.4114173 3.2125984 2.4114173 0 P 0
L 3.2086614 2.4074803 3.2086614 2.4153543 0 P 0
L 3.2145669 1.2992126 3.2224409 1.2992126 0 P 0
L 3.2145669 1.4173228 3.2224409 1.4173228 0 P 0
L 3.2185039 1.2952756 3.2185039 1.3031496 0 P 0
L 3.2185039 1.4133858 3.2185039 1.4212598 0 P 0
L 3.2185039 2.4527559 3.2303149 2.4527559 0 P 0
L 3.2185039 2.6220472 3.2303149 2.6220472 0 P 0
L 3.222441 0.9055118 3.234252 0.9055118 0 P 0
L 3.2234542 1.8888085 3.2313282 1.8888085 0 P 0
L 3.2244094 2.4468504 3.2244094 2.4586614 0 P 0
L 3.2244094 2.6161417 3.2244094 2.6279527 0 P 0
L 3.2244095 1.7007874 3.2322835 1.7007874 0 P 0
L 3.2244095 2.5 3.2322835 2.5 0 P 0
L 3.2273912 1.8848715 3.2273912 1.8927455 0 P 0
L 3.2283465 0.8996063 3.2283465 0.9114173 0 P 0
L 3.2283465 1.488189 3.2362205 1.488189 0 P 0
L 3.2283465 1.6968504 3.2283465 1.7047244 0 P 0
L 3.2283465 1.9448819 3.2362205 1.9448819 0 P 0
L 3.2283465 2.496063 3.2283465 2.503937 0 P 0
L 3.2311884 1.8335506 3.2390624 1.8335506 0 P 0
L 3.2322835 1.484252 3.2322835 1.492126 0 P 0
L 3.2322835 1.7795276 3.2401575 1.7795276 0 P 0
L 3.2322835 1.9409449 3.2322835 1.9488189 0 P 0
L 3.2351254 1.8296136 3.2351254 1.8374876 0 P 0
L 3.2362205 1.7755906 3.2362205 1.7834646 0 P 0
L 3.2385748 1.9704725 3.2464488 1.9704725 0 P 0
L 3.2411417 2.1111624 3.2490157 2.1111624 0 P 0
L 3.2425118 1.9665355 3.2425118 1.9744095 0 P 0
L 3.2440945 1.6338583 3.2519685 1.6338583 0 P 0
L 3.2450787 2.1072254 3.2450787 2.1150994 0 P 0
L 3.2480315 1.6299213 3.2480315 1.6377953 0 P 0
L 3.2480315 1.8070866 3.2559055 1.8070866 0 P 0
L 3.2519685 1.8031496 3.2519685 1.8110236 0 P 0
L 3.2637795 2.746063 3.2716535 2.746063 0 P 0
L 3.2677165 2.742126 3.2677165 2.75 0 P 0
L 3.269685 2.1929352 3.277559 2.1929352 0 P 0
L 3.273622 2.1889982 3.273622 2.1968722 0 P 0
L 3.2736221 1.269685 3.2814961 1.269685 0 P 0
L 3.2755906 1.9173228 3.2834646 1.9173228 0 P 0
L 3.2775591 1.265748 3.2775591 1.273622 0 P 0
L 3.2795276 1.9133858 3.2795276 1.9212598 0 P 0
L 3.2834646 1.3779528 3.2913386 1.3779528 0 P 0
L 3.2874016 1.3740158 3.2874016 1.3818898 0 P 0
L 3.2874016 1.5472441 3.2952756 1.5472441 0 P 0
L 3.2913386 1.5433071 3.2913386 1.5511811 0 P 0
L 3.2952756 1.4685039 3.3031496 1.4685039 0 P 0
L 3.2992126 1.4645669 3.2992126 1.4724409 0 P 0
L 3.3011811 1.0433071 3.3129921 1.0433071 0 P 0
L 3.3011811 1.1023622 3.3129921 1.1023622 0 P 0
L 3.3011811 1.1614173 3.3129921 1.1614173 0 P 0
L 3.3031496 1.7519685 3.3110236 1.7519685 0 P 0
L 3.3050981 1.9319957 3.3129721 1.9319957 0 P 0
L 3.3070866 1.0374016 3.3070866 1.0492126 0 P 0
L 3.3070866 1.0964567 3.3070866 1.1082677 0 P 0
L 3.3070866 1.1555118 3.3070866 1.1673228 0 P 0
L 3.3070866 1.7480315 3.3070866 1.7559055 0 P 0
L 3.3090351 1.9280587 3.3090351 1.9359327 0 P 0
L 3.3228347 1.4645669 3.3307087 1.4645669 0 P 0
L 3.3267717 1.4606299 3.3267717 1.4685039 0 P 0
L 3.3287402 2.1732283 3.3405512 2.1732283 0 P 0
L 3.3307087 1.5472441 3.3385827 1.5472441 0 P 0
L 3.3307087 1.9055118 3.3385827 1.9055118 0 P 0
L 3.3326772 1.3090551 3.3405512 1.3090551 0 P 0
L 3.3346457 1.5433071 3.3346457 1.5511811 0 P 0
L 3.3346457 1.9015748 3.3346457 1.9094488 0 P 0
L 3.3346457 2.1673228 3.3346457 2.1791338 0 P 0
L 3.3366142 1.3051181 3.3366142 1.3129921 0 P 0
L 3.3503937 1.5708661 3.3582677 1.5708661 0 P 0
L 3.3503937 1.7519685 3.3582677 1.7519685 0 P 0
L 3.3543307 1.5669291 3.3543307 1.5748031 0 P 0
L 3.3543307 1.7480315 3.3543307 1.7559055 0 P 0
L 3.3602362 1.003937 3.3720472 1.003937 0 P 0
L 3.3602362 1.0826772 3.3720472 1.0826772 0 P 0
L 3.3661417 0.9980315 3.3661417 1.0098425 0 P 0
L 3.3661417 1.0767717 3.3661417 1.0885827 0 P 0
L 3.3661417 2.6299213 3.3740157 2.6299213 0 P 0
L 3.3700787 2.6259843 3.3700787 2.6338583 0 P 0
L 3.3740158 1.5433071 3.3818898 1.5433071 0 P 0
L 3.3740158 1.6732283 3.3818898 1.6732283 0 P 0
L 3.3740158 2.019685 3.3818898 2.019685 0 P 0
L 3.3779528 1.5393701 3.3779528 1.5472441 0 P 0
L 3.3779528 1.6692913 3.3779528 1.6771653 0 P 0
L 3.3779528 2.015748 3.3779528 2.023622 0 P 0
L 3.3818898 2.1062992 3.3897638 2.1062992 0 P 0
L 3.3858268 2.1023622 3.3858268 2.1102362 0 P 0
L 3.3917323 1.5846457 3.3996063 1.5846457 0 P 0
L 3.3917323 1.742126 3.3996063 1.742126 0 P 0
L 3.3937007 2.570866 3.4015747 2.570866 0 P 0
L 3.3956693 1.5807087 3.3956693 1.5885827 0 P 0
L 3.3956693 1.738189 3.3956693 1.746063 0 P 0
L 3.3976377 2.566929 3.3976377 2.574803 0 P 0
L 3.3976378 2.011811 3.4055118 2.011811 0 P 0
L 3.3976378 2.8425197 3.4055118 2.8425197 0 P 0
L 3.4015748 2.007874 3.4015748 2.015748 0 P 0
L 3.4015748 2.0413386 3.4094488 2.0413386 0 P 0
L 3.4015748 2.8385827 3.4015748 2.8464567 0 P 0
L 3.4055118 2.0374016 3.4055118 2.0452756 0 P 0
L 3.4094488 1.8149606 3.4173228 1.8149606 0 P 0
L 3.4114173 2.1161417 3.4192913 2.1161417 0 P 0
L 3.4133858 1.8110236 3.4133858 1.8188976 0 P 0
L 3.4153543 2.1122047 3.4153543 2.1200787 0 P 0
L 3.4192914 1.0433071 3.4311024 1.0433071 0 P 0
L 3.4192914 1.2204724 3.4311024 1.2204724 0 P 0
L 3.4192914 2.5984252 3.4311024 2.5984252 0 P 0
L 3.4192914 2.6377953 3.4311024 2.6377953 0 P 0
L 3.4192914 2.6771654 3.4311024 2.6771654 0 P 0
L 3.4192914 2.8740157 3.4311024 2.8740157 0 P 0
L 3.4251969 1.0374016 3.4251969 1.0492126 0 P 0
L 3.4251969 1.2145669 3.4251969 1.2263779 0 P 0
L 3.4251969 2.5925197 3.4251969 2.6043307 0 P 0
L 3.4251969 2.6318898 3.4251969 2.6437008 0 P 0
L 3.4251969 2.6712599 3.4251969 2.6830709 0 P 0
L 3.4251969 2.8681102 3.4251969 2.8799212 0 P 0
L 3.4311024 2.1358268 3.4389764 2.1358268 0 P 0
L 3.4350394 2.1318898 3.4350394 2.1397638 0 P 0
L 3.4409449 2.3769685 3.4488189 2.3769685 0 P 0
L 3.4448819 2.3730315 3.4448819 2.3809055 0 P 0
L 3.4566929 1.8188976 3.4645669 1.8188976 0 P 0
L 3.4606299 1.8149606 3.4606299 1.8228346 0 P 0
L 3.4783465 1.023622 3.4901575 1.023622 0 P 0
L 3.4783465 1.0826772 3.4901575 1.0826772 0 P 0
L 3.4783465 1.2204724 3.4901575 1.2204724 0 P 0
L 3.484252 1.0177165 3.484252 1.0295275 0 P 0
L 3.484252 1.0767717 3.484252 1.0885827 0 P 0
L 3.484252 1.2145669 3.484252 1.2263779 0 P 0
L 3.4940945 2.5 3.5019685 2.5 0 P 0
L 3.4980315 0.8267717 3.5098425 0.8267717 0 P 0
L 3.4980315 2.496063 3.4980315 2.503937 0 P 0
L 3.503937 0.8208662 3.503937 0.8326772 0 P 0
L 3.5059055 2.6299213 3.5177165 2.6299213 0 P 0
L 3.509063 1.824 3.516937 1.824 0 P 0
L 3.511811 2.6240158 3.511811 2.6358268 0 P 0
L 3.513 1.820063 3.513 1.827937 0 P 0
L 3.5374016 1.1023622 3.5492126 1.1023622 0 P 0
L 3.5374016 1.1614173 3.5492126 1.1614173 0 P 0
L 3.5374016 1.2204724 3.5492126 1.2204724 0 P 0
L 3.5393701 1.4074803 3.5472441 1.4074803 0 P 0
L 3.5393701 1.742126 3.5472441 1.742126 0 P 0
L 3.5433071 1.0964567 3.5433071 1.1082677 0 P 0
L 3.5433071 1.1555118 3.5433071 1.1673228 0 P 0
L 3.5433071 1.2145669 3.5433071 1.2263779 0 P 0
L 3.5433071 1.4035433 3.5433071 1.4114173 0 P 0
L 3.5433071 1.738189 3.5433071 1.746063 0 P 0
L 3.5767018 1.9015748 3.5845758 1.9015748 0 P 0
L 3.5806388 1.8976378 3.5806388 1.9055118 0 P 0
L 3.5944882 1.0433071 3.6102362 1.0433071 0 P 0
L 3.6023622 1.0354331 3.6023622 1.0511811 0 P 0
L 3.6023622 1.4606299 3.6102362 1.4606299 0 P 0
L 3.6062992 1.4566929 3.6062992 1.4645669 0 P 0
L 3.6161417 0.8267717 3.6279527 0.8267717 0 P 0
L 3.6161417 2.007874 3.6279527 2.007874 0 P 0
L 3.6161417 2.2440945 3.6279527 2.2440945 0 P 0
L 3.6161417 2.8740157 3.6279527 2.8740157 0 P 0
L 3.6181103 1.1732283 3.6338583 1.1732283 0 P 0
L 3.6200788 2.7598425 3.6318898 2.7598425 0 P 0
L 3.6220472 0.8208662 3.6220472 0.8326772 0 P 0
L 3.6220472 2.0019685 3.6220472 2.0137795 0 P 0
L 3.6220472 2.238189 3.6220472 2.25 0 P 0
L 3.6220472 2.8681102 3.6220472 2.8799212 0 P 0
L 3.6240158 2.8346457 3.6358268 2.8346457 0 P 0
L 3.6242701 2.0629921 3.6321441 2.0629921 0 P 0
L 3.6259843 1.1653543 3.6259843 1.1811023 0 P 0
L 3.6259843 1.8543307 3.6338583 1.8543307 0 P 0
L 3.6259843 2.753937 3.6259843 2.765748 0 P 0
L 3.6282071 2.0590551 3.6282071 2.0669291 0 P 0
L 3.6299213 1.8503937 3.6299213 1.8582677 0 P 0
L 3.6299213 2.8287402 3.6299213 2.8405512 0 P 0
L 3.6358268 2.5 3.6476378 2.5 0 P 0
L 3.6377953 1.5551181 3.6456693 1.5551181 0 P 0
L 3.6417323 1.5511811 3.6417323 1.5590551 0 P 0
L 3.6417323 2.4940945 3.6417323 2.5059055 0 P 0
L 3.6496063 1.2362205 3.6574803 1.2362205 0 P 0
L 3.6531988 1.3546752 3.6610728 1.3546752 0 P 0
L 3.6535433 1.2322835 3.6535433 1.2401575 0 P 0
L 3.6535433 1.484252 3.6614173 1.484252 0 P 0
L 3.6535433 1.8385827 3.6614173 1.8385827 0 P 0
L 3.6571358 1.3507382 3.6571358 1.3586122 0 P 0
L 3.6574803 1.480315 3.6574803 1.488189 0 P 0
L 3.6574803 1.8346457 3.6574803 1.8425197 0 P 0
L 3.6751969 2.8622047 3.6870079 2.8622047 0 P 0
L 3.6771654 1.9586614 3.6850394 1.9586614 0 P 0
L 3.6811024 1.8425197 3.6889764 1.8425197 0 P 0
L 3.6811024 1.9547244 3.6811024 1.9625984 0 P 0
L 3.6811024 2.8562992 3.6811024 2.8681102 0 P 0
L 3.6850394 1.8385827 3.6850394 1.8464567 0 P 0
L 3.6948819 2.2834646 3.7066929 2.2834646 0 P 0
L 3.6948819 2.4094488 3.7066929 2.4094488 0 P 0
L 3.7007874 1.6338583 3.7086614 1.6338583 0 P 0
L 3.7007874 2.2775591 3.7007874 2.2893701 0 P 0
L 3.7007874 2.4035433 3.7007874 2.4153543 0 P 0
L 3.7047244 1.511811 3.7125984 1.511811 0 P 0
L 3.7047244 1.6299213 3.7047244 1.6377953 0 P 0
L 3.7086614 1.507874 3.7086614 1.515748 0 P 0
L 3.7119039 1.9573293 3.7197779 1.9573293 0 P 0
L 3.7158409 1.9533923 3.7158409 1.9612663 0 P 0
L 3.7244095 1.2362205 3.7322835 1.2362205 0 P 0
L 3.7283465 1.2322835 3.7283465 1.2401575 0 P 0
L 3.734252 0.8267717 3.746063 0.8267717 0 P 0
L 3.734252 1.3385827 3.746063 1.3385827 0 P 0
L 3.7401575 0.8208662 3.7401575 0.8326772 0 P 0
L 3.7401575 1.3326772 3.7401575 1.3444882 0 P 0
L 3.746063 1.9586614 3.753937 1.9586614 0 P 0
L 3.75 1.9547244 3.75 1.9625984 0 P 0
L 3.7519685 1.7362205 3.7598425 1.7362205 0 P 0
L 3.7559055 1.7322835 3.7559055 1.7401575 0 P 0
L 3.7637795 2.0433071 3.7716535 2.0433071 0 P 0
L 3.7677165 2.0393701 3.7677165 2.0472441 0 P 0
L 3.7716536 1.3385827 3.7795276 1.3385827 0 P 0
L 3.7736221 2.2440945 3.7854331 2.2440945 0 P 0
L 3.7755906 1.3346457 3.7755906 1.3425197 0 P 0
L 3.7795276 2.238189 3.7795276 2.25 0 P 0
L 3.7952756 1.9685039 3.8031496 1.9685039 0 P 0
L 3.7975394 1.0416339 3.8132874 1.0416339 0 P 0
L 3.7992126 1.9645669 3.7992126 1.9724409 0 P 0
L 3.8051181 1.3484252 3.8129921 1.3484252 0 P 0
L 3.8054134 1.0337599 3.8054134 1.0495079 0 P 0
L 3.8090551 1.3444882 3.8090551 1.3523622 0 P 0
L 3.8188976 2.4448819 3.8267716 2.4448819 0 P 0
L 3.8228346 2.4409449 3.8228346 2.4488189 0 P 0
L 3.8228347 1.9724409 3.8307087 1.9724409 0 P 0
L 3.8248032 1.8405512 3.8326772 1.8405512 0 P 0
L 3.8267717 1.9685039 3.8267717 1.9763779 0 P 0
L 3.8287402 1.8366142 3.8287402 1.8444882 0 P 0
L 3.8307087 1.7519685 3.8385827 1.7519685 0 P 0
L 3.8326772 2.8622047 3.8444882 2.8622047 0 P 0
L 3.8346457 1.7480315 3.8346457 1.7559055 0 P 0
L 3.8385827 2 3.8464567 2 0 P 0
L 3.8385827 2.8562992 3.8385827 2.8681102 0 P 0
L 3.8425197 1.996063 3.8425197 2.003937 0 P 0
L 3.8523622 0.8267717 3.8641732 0.8267717 0 P 0
L 3.8523622 1.1811024 3.8641732 1.1811024 0 P 0
L 3.8523622 1.2204724 3.8641732 1.2204724 0 P 0
L 3.8582677 0.8208662 3.8582677 0.8326772 0 P 0
L 3.8582677 1.1751969 3.8582677 1.1870079 0 P 0
L 3.8582677 1.2145669 3.8582677 1.2263779 0 P 0
L 3.8740158 1.8346457 3.8818898 1.8346457 0 P 0
L 3.8779528 1.7519685 3.8858268 1.7519685 0 P 0
L 3.8779528 1.8307087 3.8779528 1.8385827 0 P 0
L 3.8818898 1.7480315 3.8818898 1.7559055 0 P 0
L 3.8917323 1.1811024 3.9035433 1.1811024 0 P 0
L 3.8917323 1.2204724 3.9035433 1.2204724 0 P 0
L 3.8917323 2.0472441 3.9035433 2.0472441 0 P 0
L 3.8937008 1.3385827 3.9015748 1.3385827 0 P 0
L 3.8976378 1.1751969 3.8976378 1.1870079 0 P 0
L 3.8976378 1.2145669 3.8976378 1.2263779 0 P 0
L 3.8976378 1.3346457 3.8976378 1.3425197 0 P 0
L 3.8976378 2.0413386 3.8976378 2.0531496 0 P 0
L 3.9133858 1.476378 3.9212598 1.476378 0 P 0
L 3.9133858 1.5551181 3.9212598 1.5551181 0 P 0
L 3.9133858 1.6338583 3.9212598 1.6338583 0 P 0
L 3.9173228 1.472441 3.9173228 1.480315 0 P 0
L 3.9173228 1.5511811 3.9173228 1.5590551 0 P 0
L 3.9173228 1.6299213 3.9173228 1.6377953 0 P 0
L 3.9192914 2.2322835 3.9311024 2.2322835 0 P 0
L 3.9212599 1.7480315 3.9291339 1.7480315 0 P 0
L 3.9232284 2.4251969 3.9350394 2.4251969 0 P 0
L 3.9251969 1.7440945 3.9251969 1.7519685 0 P 0
L 3.9251969 2.226378 3.9251969 2.238189 0 P 0
L 3.9291339 2.4192914 3.9291339 2.4311024 0 P 0
L 3.9370079 2.496063 3.9448819 2.496063 0 P 0
L 3.9390177 2.2790095 3.9508287 2.2790095 0 P 0
L 3.9409449 2.492126 3.9409449 2.5 0 P 0
L 3.9449232 2.273104 3.9449232 2.284915 0 P 0
L 3.9657481 1.4838582 4.0051181 1.4838582 0 P 0
L 3.9657481 1.5838582 4.0051181 1.5838582 0 P 0
L 3.9657481 1.6838582 4.0051181 1.6838582 0 P 0
L 3.9657481 1.7838582 4.0051181 1.7838582 0 P 0
L 3.9704725 0.8267717 3.9822835 0.8267717 0 P 0
L 3.9704725 1.8897638 3.9822835 1.8897638 0 P 0
L 3.9704725 2.4055118 3.9822835 2.4055118 0 P 0
L 3.9744095 2.6062992 3.9862205 2.6062992 0 P 0
L 3.976378 0.8208662 3.976378 0.8326772 0 P 0
L 3.976378 1.8838583 3.976378 1.8956693 0 P 0
L 3.976378 2.3996063 3.976378 2.4114173 0 P 0
L 3.980315 2.6003937 3.980315 2.6122047 0 P 0
L 3.9854331 1.4641732 3.9854331 1.5035432 0 P 0
L 3.9854331 1.5641732 3.9854331 1.6035432 0 P 0
L 3.9854331 1.6641732 3.9854331 1.7035432 0 P 0
L 3.9854331 1.7641732 3.9854331 1.8035432 0 P 0
L 3.988189 2.5472441 3.996063 2.5472441 0 P 0
L 3.9901575 2.8582677 4.0019685 2.8582677 0 P 0
L 3.992126 2.5433071 3.992126 2.5511811 0 P 0
L 3.996063 2.8523622 3.996063 2.8641732 0 P 0
L 4.007874 1.8937008 4.015748 1.8937008 0 P 0
L 4.011811 1.8897638 4.011811 1.8976378 0 P 0
L 4.0492126 2.2440945 4.0610236 2.2440945 0 P 0
L 4.0517431 1.979753 4.0596171 1.979753 0 P 0
L 4.0551181 2.238189 4.0551181 2.25 0 P 0
L 4.0556801 1.975816 4.0556801 1.98369 0 P 0
L 4.0570866 2.015748 4.0688976 2.015748 0 P 0
L 4.0629921 2.0098425 4.0629921 2.0216535 0 P 0
L 4.0657481 1.4838582 4.1051181 1.4838582 0 P 0
L 4.0657481 1.5838582 4.1051181 1.5838582 0 P 0
L 4.0657481 1.6838582 4.1051181 1.6838582 0 P 0
L 4.0657481 1.7838582 4.1051181 1.7838582 0 P 0
L 4.0669291 2.0629921 4.0748031 2.0629921 0 P 0
L 4.0708661 2.0590551 4.0708661 2.0669291 0 P 0
L 4.0708662 2.3559055 4.1102362 2.3559055 0 P 0
L 4.0708662 2.4559055 4.1102362 2.4559055 0 P 0
L 4.0708662 2.5559055 4.1102362 2.5559055 0 P 0
L 4.0708662 2.6559055 4.1102362 2.6559055 0 P 0
L 4.0708662 2.7559055 4.1102362 2.7559055 0 P 0
L 4.0708662 2.8559055 4.1102362 2.8559055 0 P 0
L 4.0854331 1.4641732 4.0854331 1.5035432 0 P 0
L 4.0854331 1.5641732 4.0854331 1.6035432 0 P 0
L 4.0854331 1.6641732 4.0854331 1.7035432 0 P 0
L 4.0854331 1.7641732 4.0854331 1.8035432 0 P 0
L 4.0866142 1.238189 4.0984252 1.238189 0 P 0
L 4.0885827 0.8267717 4.1003937 0.8267717 0 P 0
L 4.0885827 2.2874016 4.1003937 2.2874016 0 P 0
L 4.0905512 2.3362205 4.0905512 2.3755905 0 P 0
L 4.0905512 2.4362205 4.0905512 2.4755905 0 P 0
L 4.0905512 2.5362205 4.0905512 2.5755905 0 P 0
L 4.0905512 2.6362205 4.0905512 2.6755905 0 P 0
L 4.0905512 2.7362205 4.0905512 2.7755905 0 P 0
L 4.0905512 2.8362205 4.0905512 2.8755905 0 P 0
L 4.0925197 1.2322835 4.0925197 1.2440945 0 P 0
L 4.0944882 0.8208662 4.0944882 0.8326772 0 P 0
L 4.0944882 2.2814961 4.0944882 2.2933071 0 P 0
L 4.1003937 1.0629921 4.1082677 1.0629921 0 P 0
L 4.1003937 1.1515748 4.1082677 1.1515748 0 P 0
L 4.1003937 1.4074803 4.1082677 1.4074803 0 P 0
L 4.1043307 1.0590551 4.1043307 1.0669291 0 P 0
L 4.1043307 1.1476378 4.1043307 1.1555118 0 P 0
L 4.1043307 1.4035433 4.1043307 1.4114173 0 P 0
L 4.1102362 1.8582677 4.1181102 1.8582677 0 P 0
L 4.1141732 1.8543307 4.1141732 1.8622047 0 P 0
